70	75	46	87	605	440	333	376
58	63	61	74	538	421	354	305
63	64	50	83	437	327	315	268
38	61	42	56	368	312	298	220
45	49	37	52	362	330	274	222
38	53	44	56	301	352	268	182
39	55	36	60	316	320	274	150
36	61	39	53	271	390	260	149
36	73	34	44	293	436	232	163
36	76	21	30	294	458	213	158
52	93	41	35	343	549	207	144
31	87	38	28	304	611	253	120
44	109	42	24	320	632	264	130
52	104	43	34	338	595	285	123
41	94	47	35	302	640	243	133
52	89	46	40	342	579	315	156
52	98	54	33	275	620	341	145
51	97	42	44	298	588	358	144
33	97	56	67	239	567	378	152
32	105	50	59	271	588	389	166
49	106	75	68	341	575	438	211
48	100	63	53	335	562	464	211
45	92	65	65	340	555	480	222
58	114	75	57	326	478	480	248
42	117	84	72	281	522	533	226
41	119	83	63	295	552	491	187
32	112	93	55	317	617	473	233
37	120	99	68	308	615	476	256
49	113	76	50	316	665	482	187
51	123	72	57	354	705	462	205
61	135	77	72	375	730	472	224
46	137	59	57	382	698	477	266
50	140	87	62	396	761	448	258
55	151	73	48	438	721	576	251
52	152	84	66	477	805	630	234
39	141	88	70	489	797	568	220
46	132	74	71	469	839	580	214
59	112	77	48	419	738	536	232
39	108	78	52	397	542	546	255
53	95	71	59	346	467	487	264
41	101	58	37	330	472	451	224
48	62	62	62	269	431	363	206
37	88	48	53	269	441	394	194
50	59	55	45	256	407	322	220
46	67	29	45	286	376	304	180
29	75	48	43	272	336	298	166
34	49	46	35	244	344	254	162
27	47	29	34	272	276	237	165
37	37	26	40	291	240	200	145
34	40	23	35	252	206	197	181
22	33	24	33	266	196	183	168
37	34	26	36	271	186	173	171
37	36	17	35	291	245	169	210
36	44	28	46	282	234	146	186
45	35	27	41	331	234	133	173
34	36	13	42	377	238	146	193
45	39	22	40	408	237	130	162
40	44	12	46	411	223	134	174
44	62	27	39	419	250	142	178
41	39	18	42	398	256	153	172
50	35	26	47	398	242	162	183
43	42	29	38	414	250	175	172
48	41	39	38	402	280	205	158
45	41	26	28	343	258	199	154
46	51	27	42	393	270	188	153
54	35	31	32	378	311	200	177
53	48	38	29	391	310	149	147
40	44	44	44	390	304	187	163
43	41	41	50	421	325	179	145
33	45	35	45	454	341	228	155
41	62	36	41	423	314	190	158
63	57	40	39	457	320	176	196
51	63	34	47	494	326	166	161
72	42	37	54	492	281	195	193
49	57	35	49	536	285	162	197
67	48	26	75	568	282	177	206
73	60	33	57	508	274	206	200
66	53	28	65	475	273	223	212
61	48	25	46	481	272	214	186
68	59	41	43	531	304	173	167
70	57	26	54	577	375	186	141
75	56	31	39	636	341	163	189
64	72	37	43	630	385	198	167
60	79	19	57	611	328	178	171
89	53	21	56	669	323	173	195
93	59	25	68	687	330	214	225
72	49	31	53	679	329	211	212
97	61	42	61	653	300	232	211
56	75	41	64	561	359	231	240
60	54	21	56	570	346	211	230
67	81	28	66	556	352	219	206
70	62	33	61	496	307	241	229
48	50	37	56	480	274	200	197
63	54	23	72	476	307	187	189
67	62	29	61	476	302	228	203
59	50	28	54	400	266	228	207
41	60	30	47	434	279	211	195
55	59	41	62	444	292	211	205
48	48	27	54	399	283	201	199
37	45	36	60	404	242	158	215
36	45	26	50	445	249	156	189
38	45	26	46	435	242	148	198
39	38	26	50	408	239	163	207
40	51	23	38	394	237	186	176
38	48	26	42	430	242	167	174
38	41	20	43	400	263	195	184
42	47	24	40	387	244	226	173
36	49	24	33	374	283	215	187
31	42	27	44	395	248	223	192
44	42	27	43	390	309	185	206
44	47	29	46	355	301	203	189
36	51	35	55	325	249	237	230
27	42	25	64	316	218	222	255
38	30	35	54	280	223	221	231
33	31	40	57	280	221	243	243
34	46	28	65	260	202	298	230
23	38	31	45	248	200	294	258
37	40	33	43	226	181	266	216
39	32	40	54	224	209	279	229
39	35	44	41	184	203	283	206
31	37	38	46	191	228	269	215
19	44	44	34	177	223	307	192
22	47	30	29	192	258	331	181
16	45	58	40	203	272	373	182
13	63	52	43	181	306	373	192
18	43	38	50	151	316	375	188
24	62	56	55	184	332	382	158
42	70	41	34	169	350	395	141
30	52	43	48	170	349	416	147
28	69	48	51	198	357	385	146
23	62	54	43	182	359	385	152
38	69	53	51	238	374	415	144
25	65	47	35	208	376	423	154
37	81	86	42	200	383	410	189
27	67	67	46	232	352	443	165
40	65	59	54	225	294	466	211
41	61	57	73	241	306	439	262
41	65	45	58	220	268	417	267
39	37	65	75	260	268	453	302
25	45	45	70	265	261	447	325
17	30	66	68	213	198	457	302
34	46	76	77	197	192	543	321
31	46	73	72	184	179	528	377
35	40	70	78	159	158	545	351
20	37	66	79	154	179	505	330
18	32	64	67	165	158	502	295
26	42	70	63	163	175	465	294
32	25	62	59	173	165	410	303
20	38	64	56	168	174	399	257
26	34	48	58	164	168	379	184
30	50	40	39	198	202	365	167
28	45	40	49	160	237	329	187
16	43	39	42	175	227	353	168
25	53	38	37	195	271	344	201
21	55	38	31	189	303	340	203
23	45	52	42	162	335	345	174
27	56	53	48	175	290	364	191
26	55	46	38	176	251	378	191
29	48	55	36	187	252	376	189
37	51	39	47	217	240	361	174
29	49	48	32	226	257	382	163
17	49	42	43	188	233	349	181
15	44	58	36	187	237	358	173
28	38	50	50	172	234	329	194
21	56	43	42	182	262	321	169
24	31	42	52	185	225	331	183
26	41	51	43	169	225	334	214
28	31	47	55	147	200	384	265
12	49	53	50	176	198	368	274
28	53	35	57	178	195	383	301
21	50	32	58	198	193	379	309
24	46	54	65	216	202	373	251
22	65	54	60	283	253	377	259
39	51	50	57	233	217	378	267
30	39	58	58	195	220	361	298
35	46	58	44	213	210	423	247
36	52	68	60	232	245	422	215
29	66	52	68	181	223	433	252
30	35	57	76	193	210	432	274
37	44	78	57	197	211	426	297
28	34	74	73	211	209	371	303
26	51	70	96	233	203	414	359
35	39	70	86	266	204	409	339
33	37	71	79	232	196	407	387
22	42	81	100	285	240	437	408
53	41	75	80	272	254	458	438
39	44	90	117	358	265	458	480
44	55	83	105	417	315	472	517
43	61	87	105	426	340	529	517
64	69	75	116	474	361	511	563
57	65	61	120	479	394	560	585
50	68	83	133	532	374	504	641
56	52	70	128	550	375	475	671
79	56	67	115	569	356	468	676
69	46	68	128	586	290	450	696
70	59	65	126	566	344	492	686
86	78	76	126	563	322	504	714
93	62	79	113	508	333	537	671
75	89	69	126	603	353	566	646
82	89	93	135	622	364	583	648
88	103	103	154	560	434	562	621
85	78	86	147	591	455	497	535
76	78	75	128	594	505	509	518
73	94	67	110	597	577	446	508
75	103	74	101	593	618	474	421
64	125	79	84	597	643	504	378
90	105	81	85	632	602	517	417
83	102	52	84	627	582	507	424
98	110	57	110	634	550	473	432
79	85	70	104	674	589	483	432
90	103	57	99	661	513	475	448
87	88	70	103	596	485	458	478
89	86	74	106	630	580	485	485
83	117	66	111	669	551	517	467
73	113	80	90	674	542	474	528
70	87	75	111	656	523	520	514
95	107	81	119	697	543	537	519
84	105	69	128	690	499	454	526
95	89	61	126	729	463	414	547
97	82	68	121	750	454	428	577
82	85	54	130	799	455	411	554
121	86	67	114	858	398	380	560
126	70	70	110	901	394	382	562
97	79	61	130	838	401	369	529
101	68	67	108	803	432	348	555
99	89	77	81	769	412	389	542
84	67	59	84	774	440	370	518
90	73	51	100	765	401	369	488
90	74	57	120	799	440	461	479
81	58	41	95	764	399	379	512
101	67	58	91	757	430	349	514
104	74	56	119	810	457	406	506
102	92	67	105	781	456	426	522
97	101	48	90	805	489	408	485
116	106	79	119	834	481	391	535
122	80	81	147	832	454	378	543
115	87	79	128	824	407	413	598
119	86	85	138	848	423	363	631
143	91	88	161	860	374	364	603
163	95	73	157	962	401	386	605
153	92	58	113	994	447	370	512
169	131	60	114	1051	524	319	449
166	107	70	107	1045	568	294	412
153	129	66	146	1037	619	298	379
161	150	79	130	1013	639	312	366
183	169	73	130	938	597	332	335
193	186	88	132	889	625	333	341
212	196	94	166	843	529	317	363
252	189	100	164	827	477	283	390
249	189	107	193	877	464	293	386
233	166	107	193	888	460	272	393
213	144	111	199	896	468	314	410
228	174	89	197	889	454	324	436
234	162	97	175	899	509	346	417
213	161	101	150	886	554	314	451
231	173	95	138	851	529	302	370
195	174	99	151	792	551	343	408
183	172	140	175	836	529	356	345
180	181	124	149	695	575	400	386
142	180	115	135	693	534	437	401
165	200	116	173	617	606	418	406
171	219	156	162	568	567	457	348
159	200	154	169	497	537	445	362
168	187	156	213	526	484	441	386
194	197	149	220	530	468	438	359
207	194	143	212	530	411	415	396
224	197	164	249	544	383	371	376
249	217	156	260	604	424	355	369
203	191	135	267	596	432	398	450
201	183	124	214	604	429	401	483
183	158	120	174	686	461	385	398
175	159	108	173	662	534	393	411
170	158	93	137	718	522	391	422
192	142	89	143	737	557	410	448
153	177	92	141	889	626	378	466
148	134	69	125	919	554	378	452
104	106	48	124	906	502	344	471
96	85	68	97	845	460	362	501
119	85	62	98	811	459	362	562
88	76	46	116	780	384	378	538
93	71	52	107	722	364	378	503
77	59	64	112	582	334	295	439
74	64	46	127	489	260	317	460
68	64	49	106	398	250	339	502
67	59	45	99	464	302	362	477
44	54	48	96	465	355	356	387
58	64	54	80	435	361	415	377
61	59	60	74	397	348	357	344
54	59	58	72	372	333	398	322
52	50	67	60	354	344	410	354
43	52	38	76	359	285	369	355
40	62	33	97	341	272	296	381
42	50	42	84	367	197	272	373
35	39	40	75	332	187	226	316
45	46	27	60	309	169	223	320
39	41	34	63	304	185	223	279
35	35	30	51	316	175	210	251
23	44	43	41	323	162	201	230
31	37	22	36	261	163	181	221
30	41	25	53	342	172	175	207
45	36	28	46	376	174	159	233
62	40	18	57	427	207	154	242
53	43	22	46	427	212	115	218
58	33	19	49	484	239	132	242
53	45	25	49	440	239	129	216
56	52	17	37	470	265	134	222
74	36	17	63	522	238	140	223
56	48	21	54	517	255	141	181
52	52	27	51	427	259	151	167
54	39	25	44	440	277	155	165
47	50	23	43	431	264	166	194
54	53	24	58	510	307	141	155
61	42	20	38	489	289	147	177
76	49	23	43	546	330	127	167
72	51	27	48	556	332	147	183
86	73	36	37	565	361	141	159
82	82	26	53	594	375	172	140
62	73	30	61	551	401	179	145
69	76	24	49	538	487	171	149
68	82	39	48	512	525	213	129
53	96	45	35	468	571	206	154
61	105	47	49	444	575	262	133
56	95	40	39	449	617	227	154
79	114	56	33	438	667	271	152
71	111	52	46	424	685	278	186
83	114	24	55	457	719	349	175
83	147	52	39	531	760	365	208
85	151	54	59	575	858	370	195
84	121	50	52	662	974	405	218
86	149	65	69	623	969	398	256
92	150	74	71	651	927	424	247
105	153	80	78	694	881	478	284
108	159	85	96	722	831	525	301
102	140	112	93	692	828	515	331
122	161	96	110	700	818	518	325
118	165	106	105	676	787	500	309
133	174	121	107	587	785	478	296
106	197	146	129	561	730	535	295
111	180	131	146	489	683	574	309
137	152	151	117	448	721	633	337
108	150	144	109	447	713	688	364
97	160	147	87	409	708	774	358
96	148	127	124	394	734	761	374
79	164	137	102	402	715	786	325
67	151	141	102	359	718	858	348
57	140	153	107	324	665	1004	357
56	142	184	107	341	671	1003	364
57	142	157	96	321	652	1044	347
65	147	190	120	333	625	1046	330
62	148	182	116	308	661	1025	369
68	133	181	122	308	642	1027	346
53	132	139	122	316	681	1058	342
57	117	178	111	297	626	1044	349
60	125	173	99	327	616	1013	346
76	145	163	97	334	651	1047	372
71	132	166	102	346	599	1038	383
58	145	162	90	311	632	1019	350
66	143	197	97	305	625	1063	341
55	147	175	113	355	609	1002	371
58	142	195	138	334	587	1064	409
65	132	165	135	362	546	989	458
63	155	181	134	417	477	962	465
75	117	169	141	435	492	936	450
60	117	148	142	397	479	800	497
82	116	126	127	480	466	688	514
94	95	91	136	581	516	570	524
99	86	78	106	703	500	473	553
100	102	66	123	771	477	475	474
119	86	68	118	895	460	431	503
128	98	56	111	942	458	446	474
151	103	53	130	1002	460	372	474
167	99	70	147	1040	446	320	492
171	110	61	168	1027	501	301	504
162	103	73	157	986	443	316	513
183	107	69	158	1019	423	323	545
184	113	72	187	1010	405	346	561
187	100	87	173	913	366	318	595
182	107	81	183	907	393	340	609
180	92	84	211	922	350	309	600
211	115	118	250	889	352	319	626
205	97	109	244	888	418	306	553
223	110	114	248	896	341	287	621
213	139	107	255	776	342	297	574
220	145	112	270	767	300	341	591
235	129	92	267	733	330	325	602
223	138	99	288	701	289	333	592
243	121	142	322	699	278	347	630
232	134	133	316	621	266	323	642
226	146	126	353	537	270	368	624
217	116	138	316	521	259	364	588
212	157	137	358	594	312	340	575
253	167	160	352	546	278	301	572
244	151	154	391	532	230	306	566
243	158	167	432	457	243	373	540
234	164	189	422	476	222	334	571
232	168	200	443	455	206	369	564
219	154	209	408	400	213	344	561
243	150	223	464	401	209	350	546
215	141	226	453	346	214	371	482
194	167	252	469	312	278	387	503
199	197	265	473	333	229	413	472
219	204	265	486	318	256	343	412
212	183	268	516	340	207	346	421
259	192	266	512	309	222	333	422
212	190	263	496	282	213	317	395
251	200	285	495	322	180	307	385
262	197	276	518	301	196	317	373
259	198	293	516	326	197	315	382
272	203	298	541	326	186	306	422
251	193	249	533	314	165	306	341
292	198	262	558	332	222	252	343
281	233	278	597	286	198	323	317
292	236	264	537	282	210	272	337
325	257	293	535	294	213	281	309
343	280	336	480	304	205	282	270
318	284	352	438	314	219	265	259
313	275	374	429	271	236	268	253
300	326	411	451	263	204	311	197
339	346	360	427	236	249	333	216
339	402	410	447	231	251	335	208
251	442	459	396	203	270	297	174
251	483	451	342	207	281	330	142
226	460	496	341	213	304	360	171
196	457	483	360	216	315	384	194
191	391	480	337	203	327	391	224
186	355	508	360	202	271	370	262
173	334	477	371	244	300	463	231
157	313	435	333	227	275	468	230
153	273	449	341	231	333	492	229
147	291	411	283	219	351	558	234
139	298	374	279	233	360	630	297
144	285	362	211	217	456	664	291
138	264	359	208	254	490	687	246
181	272	324	192	278	597	720	237
145	293	305	204	315	647	719	255
153	297	270	182	328	654	678	214
144	277	263	169	369	632	652	241
132	301	273	161	341	608	677	257
142	281	291	159	276	658	687	234
121	309	273	136	279	684	674	263
79	359	325	142	280	633	658	214
104	301	242	148	300	704	653	191
128	336	264	138	302	705	606	193
126	311	220	113	354	739	584	204
152	297	202	143	396	735	570	201
146	318	182	147	387	740	479	204
148	321	155	130	396	662	478	205
159	264	212	143	387	679	443	177
153	283	212	171	409	664	593	237
99	231	195	155	399	728	582	253
127	225	179	127	441	723	633	256
91	211	171	120	425	792	671	286
72	204	158	98	389	742	716	262
77	179	177	134	466	729	730	283
105	150	171	120	429	751	694	337
101	151	156	123	464	748	692	339
76	140	145	103	470	723	749	326
65	156	145	82	509	735	780	335
54	166	134	105	478	750	866	347
61	147	112	118	464	672	820	326
57	142	138	103	449	646	843	342
47	130	96	76	420	679	741	362
63	118	97	74	472	646	680	393
68	71	83	67	489	583	497	330
40	67	57	60	373	469	399	244
39	79	54	64	301	450	315	224
51	71	55	39	312	326	328	215
40	65	45	50	315	377	244	163
40	71	45	42	311	410	302	150
43	63	47	38	268	350	298	170
36	67	47	39	298	371	267	124
29	46	24	34	318	359	244	118
57	69	28	25	378	340	186	110
33	70	28	28	380	300	152	123
34	53	20	33	371	312	155	158
51	61	23	21	415	335	162	142
56	58	18	33	464	320	139	144
46	54	26	38	472	327	162	134
59	65	19	34	488	353	137	129
59	50	25	46	515	334	153	145
58	60	30	49	559	305	149	189
64	54	25	55	602	252	159	217
87	53	20	56	600	211	150	226
78	50	15	76	630	271	191	234
73	57	36	78	675	282	221	257
89	55	40	94	658	304	260	322
104	73	45	112	644	298	282	374
100	63	54	116	669	361	277	407
94	49	45	127	709	387	302	419
88	71	61	126	717	361	307	515
109	70	31	138	863	359	366	603
125	66	63	153	819	385	334	720
122	68	62	152	879	354	370	686
134	92	75	146	870	373	374	667
141	87	63	163	862	376	363	682
174	77	63	154	941	370	373	656
160	89	62	171	931	360	359	626
146	105	85	150	900	422	357	597
135	119	80	163	867	437	334	534
121	120	74	136	831	422	417	573
