495	363	381	787	119	73	103	86
442	318	423	783	112	85	77	108
434	316	484	818	84	73	79	112
465	340	473	868	134	75	108	98
449	284	406	926	119	72	80	110
436	262	385	909	99	47	69	104
472	261	338	878	122	60	81	117
479	257	321	765	120	57	79	84
437	237	283	737	94	54	81	86
405	223	296	699	79	47	81	85
395	239	314	696	78	39	62	88
339	208	316	748	85	30	65	103
353	207	287	687	94	59	59	95
334	208	323	659	69	37	85	85
285	243	339	696	73	47	57	81
301	221	382	589	64	50	67	71
295	266	359	601	81	45	66	57
308	280	382	543	56	47	92	73
339	279	382	589	76	52	85	79
326	280	400	688	60	53	75	79
285	244	405	726	88	65	81	100
295	274	404	808	82	55	102	97
268	262	448	768	76	61	92	111
289	234	460	715	65	51	106	95
248	236	479	705	67	61	101	79
244	267	520	734	49	48	107	104
218	236	511	653	71	40	87	109
206	286	495	630	57	44	111	87
236	235	489	630	54	53	91	80
237	279	489	611	51	58	100	59
249	284	529	560	50	62	77	62
250	357	530	544	65	54	117	63
263	390	520	535	74	89	114	81
261	394	630	517	64	90	103	76
280	436	612	519	86	95	129	59
299	451	676	471	70	101	124	73
298	515	604	451	77	112	102	64
294	573	607	433	80	107	116	63
301	596	624	404	64	100	122	55
277	716	604	353	69	115	117	74
316	775	580	336	66	140	125	61
311	749	592	361	89	137	122	50
330	758	564	332	81	147	114	53
297	770	586	310	86	153	112	71
272	779	622	305	89	135	98	46
279	788	577	369	50	136	113	43
274	779	579	356	65	125	113	42
263	789	569	313	85	151	112	53
254	797	579	324	72	123	118	46
261	754	596	284	65	108	136	45
243	877	586	278	62	143	123	55
234	845	595	285	71	137	130	39
255	830	590	241	56	141	121	43
253	782	552	221	60	137	131	28
251	734	530	242	66	126	120	36
252	718	511	250	65	123	104	38
261	647	512	289	58	126	102	33
247	640	491	265	45	106	98	45
229	620	518	255	55	103	101	29
211	586	474	230	48	95	81	28
230	590	453	246	44	102	93	39
210	528	435	240	55	97	82	40
212	510	481	284	49	87	104	46
226	506	501	289	66	95	94	44
255	480	472	370	73	98	92	41
314	552	514	429	82	75	84	49
366	625	471	439	89	107	72	46
379	546	491	433	107	118	109	59
415	584	463	489	104	111	104	54
469	604	428	538	95	128	106	67
497	585	401	475	115	115	119	62
499	688	398	441	126	157	96	81
505	701	420	447	130	155	120	75
477	750	428	426	170	178	147	72
467	826	447	379	138	180	153	75
447	829	485	368	135	205	141	83
402	802	488	388	127	164	156	87
357	816	525	405	147	190	167	83
370	797	524	384	139	223	161	81
338	784	537	380	160	213	163	78
363	825	537	361	192	226	189	72
370	886	478	285	184	286	209	87
352	821	375	280	208	334	220	92
316	828	359	248	185	357	219	92
282	846	395	226	227	387	231	98
318	807	418	238	206	399	211	68
333	832	421	208	222	381	222	81
317	853	428	274	247	355	245	99
322	795	381	277	231	392	219	101
318	768	384	221	265	336	219	115
378	755	338	252	265	342	215	95
379	722	347	270	254	365	193	120
474	713	294	272	250	345	181	124
470	646	266	278	282	303	209	100
442	625	299	257	278	339	164	118
485	547	226	265	295	340	208	133
509	524	200	265	380	371	179	136
468	548	206	247	406	364	175	138
448	463	200	243	419	400	191	169
420	404	169	239	445	413	226	153
311	382	161	216	498	454	246	187
284	349	169	217	481	496	254	194
290	330	166	214	474	465	273	216
259	315	190	246	518	517	307	222
245	306	158	195	494	521	359	246
246	284	173	177	496	530	360	242
233	284	182	210	520	574	391	262
247	302	148	212	488	567	357	270
207	267	155	201	507	608	379	281
210	319	145	204	523	675	380	278
172	321	183	188	484	713	396	268
198	303	187	204	470	656	400	232
159	388	199	169	437	650	403	228
187	329	210	174	416	613	414	191
200	334	212	164	401	618	427	189
175	308	233	169	396	596	412	197
172	336	205	172	370	585	424	211
163	310	211	176	374	609	430	205
172	281	190	179	414	536	428	223
170	280	186	158	394	608	451	223
162	267	170	150	453	604	443	283
158	255	146	150	439	638	453	307
138	251	164	153	464	620	453	329
151	244	151	158	505	630	443	271
145	273	148	179	538	674	420	291
172	237	131	189	555	621	461	283
141	226	143	169	581	647	439	309
169	222	147	182	576	654	440	283
153	230	127	151	546	673	463	271
173	241	128	185	529	671	448	275
170	249	141	165	517	612	440	281
202	256	123	180	506	613	411	275
181	242	163	168	534	585	424	264
209	255	156	184	478	544	410	278
172	230	154	156	506	578	383	293
153	260	161	186	523	579	394	285
155	234	148	164	475	577	407	251
168	259	143	189	476	616	397	247
172	272	186	221	409	578	441	259
163	291	193	230	388	523	458	226
182	359	263	204	316	523	435	227
166	388	298	182	273	522	464	237
164	381	303	223	281	515	487	215
151	410	326	204	274	477	467	199
150	355	311	222	282	439	476	200
146	355	305	200	256	471	459	186
157	373	319	184	277	502	476	213
163	335	288	190	257	521	476	197
167	369	298	204	306	526	451	207
163	333	255	170	308	563	477	191
199	363	252	195	367	522	404	215
182	372	236	184	373	549	406	241
206	298	205	191	422	510	380	238
225	289	203	193	452	510	387	263
227	297	147	179	475	508	351	252
211	255	173	200	535	538	342	266
236	214	175	202	595	465	330	288
229	212	149	192	605	445	340	309
230	221	150	214	662	476	336	401
219	213	144	203	751	400	319	400
223	214	116	223	733	412	336	419
247	168	111	236	720	388	320	425
251	187	112	286	724	353	300	420
235	162	107	237	697	381	334	435
228	172	118	227	733	403	295	444
229	173	119	222	737	373	291	441
188	169	149	181	684	458	350	413
226	186	100	192	778	491	307	408
199	210	106	143	843	516	365	352
204	196	77	139	885	594	310	331
217	181	63	109	880	654	334	343
179	174	78	128	888	710	318	315
171	185	87	121	880	755	375	291
152	181	69	103	859	815	371	290
155	181	90	119	781	883	405	284
120	196	79	100	785	937	397	272
135	207	93	87	754	960	370	227
108	181	79	95	712	942	413	248
122	187	81	83	708	1023	418	273
104	190	70	62	671	977	435	256
110	188	84	66	660	1059	476	231
90	180	82	75	581	998	489	246
86	185	86	66	571	995	521	250
74	153	93	59	496	950	580	220
62	156	115	60	458	962	664	220
70	153	122	94	477	857	703	260
96	164	122	91	440	843	661	267
90	177	138	123	440	749	647	298
95	136	142	105	477	763	634	345
105	148	156	115	455	713	633	357
102	184	140	115	459	631	660	337
115	180	151	167	417	595	698	359
121	191	198	186	376	546	681	357
113	190	212	197	369	512	736	382
127	182	203	187	376	453	704	402
112	189	230	210	361	432	679	422
104	182	219	223	359	406	704	401
125	232	261	238	348	377	600	426
116	208	292	260	315	393	590	401
137	194	318	281	282	322	573	369
163	207	277	289	284	364	574	381
138	210	264	254	312	353	565	357
159	204	234	269	319	342	494	410
158	196	218	299	349	316	485	392
188	219	215	303	363	322	417	411
197	208	213	312	412	264	375	398
233	194	232	306	441	324	374	424
228	180	181	307	425	280	356	435
262	189	221	358	432	303	367	410
240	200	225	393	477	268	340	414
261	173	181	358	510	269	304	388
321	214	195	365	489	270	295	398
311	212	170	348	486	253	300	359
307	213	181	349	493	268	258	370
312	190	160	335	556	276	260	379
318	165	160	360	510	276	255	367
331	194	164	377	574	271	254	383
329	191	120	367	585	244	243	427
328	166	133	392	612	234	221	446
353	186	149	392	598	244	237	406
366	214	175	412	607	254	261	406
439	184	156	428	571	239	231	346
399	206	143	384	555	258	230	328
414	218	135	404	508	236	227	301
472	208	172	421	543	238	241	320
525	250	200	446	481	235	213	298
553	239	182	498	404	199	169	298
529	252	171	523	423	169	167	282
563	263	180	513	430	185	169	260
580	258	264	556	385	166	162	240
634	299	246	611	382	190	160	241
642	297	222	584	351	158	185	210
640	294	224	647	315	165	179	199
677	326	228	583	291	140	156	207
644	323	263	612	294	146	157	190
683	376	253	591	266	146	111	165
674	372	254	604	264	132	130	151
671	354	258	639	233	111	137	167
651	382	260	693	204	129	140	154
605	398	309	714	230	107	117	146
661	416	321	718	204	107	114	144
728	340	304	737	212	110	121	152
715	352	300	756	212	118	115	133
695	352	296	789	183	117	91	170
675	315	334	814	226	115	122	141
698	346	361	797	207	119	123	156
702	331	313	767	231	119	132	167
695	346	303	761	230	117	145	181
687	374	274	722	221	129	121	162
683	346	273	657	224	130	144	155
738	363	279	683	255	110	139	157
718	324	287	731	264	129	124	142
779	329	279	696	240	128	137	152
761	329	230	729	247	93	137	164
779	338	267	721	241	100	117	166
748	371	264	715	259	111	112	141
731	393	256	647	231	140	107	153
698	344	290	573	207	156	123	112
693	405	256	547	268	179	154	150
612	396	241	553	275	173	168	141
547	446	243	478	285	195	156	154
517	473	250	404	301	220	177	143
526	531	237	376	343	271	198	154
507	514	225	320	320	303	202	134
483	507	220	283	284	311	161	156
464	562	212	257	306	337	179	125
422	549	251	266	357	372	161	125
457	610	272	274	320	372	192	108
455	613	269	261	321	382	187	131
412	662	296	251	315	371	173	108
465	678	326	268	330	397	213	118
456	780	300	232	319	386	209	127
460	787	279	227	288	387	177	97
451	842	314	302	270	371	176	111
453	832	313	252	237	340	177	91
452	880	311	255	216	350	172	103
421	965	368	251	243	308	167	92
429	953	370	276	186	324	181	97
396	1024	410	275	165	278	159	80
381	1020	459	277	169	252	144	58
401	955	461	291	165	244	154	65
388	985	494	285	127	211	143	72
385	962	502	312	128	207	141	65
369	958	534	326	126	190	130	66
419	912	516	311	130	173	140	64
366	898	551	342	106	192	136	57
354	908	577	343	98	194	127	51
322	957	578	306	88	193	145	58
319	939	589	266	92	189	120	54
317	974	565	263	106	187	129	48
322	994	612	272	99	184	144	43
302	946	578	269	93	137	140	30
286	873	545	250	88	163	141	34
271	846	577	278	67	146	115	37
265	837	565	272	68	139	131	33
256	805	589	297	80	127	103	44
267	763	575	307	71	151	97	38
242	774	564	250	67	124	108	35
256	758	585	243	72	144	108	38
229	721	546	281	59	118	123	29
251	674	611	310	63	110	120	35
227	632	612	341	65	102	98	40
257	635	634	326	66	105	121	64
228	554	691	367	61	83	125	53
215	472	711	419	47	92	132	63
196	395	708	464	71	61	119	51
206	351	725	506	52	67	128	57
204	328	684	554	54	48	109	69
208	331	621	589	44	47	118	82
181	262	607	594	43	58	127	83
187	275	528	529	43	49	130	101
167	235	484	483	40	66	107	72
175	213	455	485	38	40	103	88
135	206	386	471	43	46	111	72
146	170	352	405	35	31	101	59
123	178	331	383	24	24	86	73
119	169	305	381	29	30	65	58
110	133	271	319	24	25	68	51
100	133	251	219	27	22	63	42
96	119	211	253	20	28	46	46
100	138	230	270	30	21	59	41
80	121	250	240	23	28	56	38
80	141	242	240	21	23	64	40
86	122	239	239	30	29	68	46
103	132	218	244	22	28	74	40
85	131	210	258	16	25	74	38
78	132	205	246	20	18	61	41
82	128	251	255	21	25	70	44
85	129	222	251	26	22	70	42
86	122	227	264	26	16	79	37
88	142	264	227	28	19	74	53
108	125	300	264	28	33	86	42
86	132	245	282	21	18	83	52
88	127	244	265	24	14	79	41
81	145	250	211	10	21	73	37
90	138	280	230	27	27	81	31
70	185	293	210	26	30	97	31
90	162	285	214	21	34	62	30
88	177	286	189	25	27	85	29
100	199	261	184	25	35	53	23
90	208	240	171	25	25	54	21
108	238	245	180	28	39	67	25
105	248	221	159	30	35	42	21
117	257	174	153	36	48	48	15
115	264	221	164	28	46	48	19
128	273	205	153	37	50	42	23
138	266	202	156	27	50	51	12
129	341	245	132	41	75	55	27
147	355	235	156	27	75	38	20
141	359	234	163	37	60	63	25
182	376	259	199	36	66	52	27
176	420	296	193	45	76	62	21
175	483	330	205	30	91	73	24
168	522	333	232	38	89	66	26
211	542	406	237	55	100	83	30
227	567	465	261	56	119	77	26
241	623	480	255	38	119	89	41
243	617	528	237	36	106	80	31
209	614	468	285	57	113	84	44
154	518	566	262	43	102	118	29
185	442	551	267	45	93	112	37
176	394	532	274	32	85	117	34
186	386	542	335	37	67	106	33
163	388	536	325	38	60	97	44
207	362	573	339	43	57	96	47
166	312	559	383	47	59	101	40
147	279	498	400	41	37	116	37
155	265	491	419	39	51	109	58
169	222	483	441	52	49	89	67
181	242	415	440	49	40	99	57
177	201	364	504	42	43	70	52
207	194	352	488	36	43	88	68
220	172	307	499	42	38	73	71
219	177	272	489	56	36	60	72
223	159	232	444	58	33	55	54
253	154	213	475	58	37	48	65
269	178	230	477	64	27	40	74
280	167	215	473	76	28	53	66
323	154	198	442	84	30	35	68
312	180	171	481	80	32	36	56
314	176	160	446	71	36	39	54
279	178	156	364	80	34	23	43
268	158	131	415	65	29	45	50
281	150	132	315	65	35	39	53
237	168	126	322	75	34	41	51
235	163	117	333	61	20	36	48
262	153	142	318	73	25	28	44
245	127	147	289	63	29	45	51
219	137	102	280	65	25	40	40
250	139	117	264	76	23	26	43
223	114	114	265	78	20	25	47
206	127	112	287	65	21	21	50
228	107	106	284	70	17	24	46
205	134	92	246	66	18	34	47
187	101	101	242	63	31	32	57
192	114	115	268	42	27	31	52
207	93	130	294	60	15	32	54
174	103	132	316	50	18	35	60
167	130	148	330	50	23	40	56
188	119	167	281	41	23	33	49
168	112	178	325	45	17	38	47
176	99	132	320	45	29	39	35
169	133	157	302	36	22	32	46
175	123	161	331	48	25	31	53
167	124	147	321	38	23	44	43
162	116	190	350	35	26	41	75
164	139	207	369	46	23	62	64
177	171	209	387	48	36	52	50
193	160	243	383	59	27	49	52
183	152	234	390	42	31	50	62
202	143	250	433	46	33	63	64
199	144	257	412	30	39	60	46
197	172	258	405	45	39	59	62
256	219	280	413	63	33	50	56
280	221	272	474	65	51	60	70
322	303	281	543	77	50	64	56
446	296	290	571	84	43	54	68
499	289	292	581	96	50	49	87
542	342	264	571	115	55	60	58
527	366	261	514	87	53	81	53
597	354	267	498	108	64	76	74
583	439	277	445	130	99	69	66
670	438	271	440	133	80	72	42
668	489	256	465	137	115	94	67
754	525	201	428	153	109	68	56
802	521	215	410	174	116	76	56
814	500	205	411	164	100	61	56
789	500	200	369	173	103	78	53
692	453	188	405	170	80	59	43
633	495	219	374	118	76	46	44
531	491	245	332	110	85	66	59
481	496	223	353	91	86	57	40
500	523	223	333	103	104	58	32
440	567	236	290	88	109	53	37
454	569	265	298	87	101	57	35
402	632	257	240	64	111	63	36
382	603	231	239	85	107	56	28
349	626	258	211	81	107	49	33
274	613	293	193	69	113	54	32
237	584	277	196	62	106	57	22
249	504	308	184	49	89	57	24
233	462	284	188	40	88	65	20
180	458	265	179	47	78	58	23
191	398	221	168	38	71	67	20
170	349	217	150	36	60	46	22
150	307	190	156	37	79	46	19
168	303	190	131	35	48	43	25
176	258	181	146	32	47	36	18
143	271	156	146	31	53	35	18
165	249	184	148	36	50	34	20
160	254	162	143	51	51	33	17
126	246	152	142	37	59	41	32
133	233	145	137	47	48	38	19
117	197	150	141	35	60	46	19
144	214	143	146	32	47	34	20
142	207	148	133	43	33	38	14
156	214	166	151	36	48	29	24
186	229	154	155	47	51	33	22
209	252	136	127	57	40	23	20
208	275	123	163	46	73	30	17
209	260	136	142	54	60	35	26
223	270	143	158	44	52	31	25
253	292	140	146	74	56	49	21
203	303	136	168	73	54	39	31
233	339	160	178	72	55	34	22
242	343	176	192	62	58	33	16
239	369	160	203	56	62	47	16
265	348	180	164	58	63	38	24
260	337	209	174	47	79	33	25
286	370	197	200	53	61	43	23
283	358	209	224	64	66	48	22
289	402	217	249	72	61	40	25
246	428	221	236	72	89	54	35
337	457	245	270	70	85	51	36
327	415	281	302	57	70	58	40
345	457	277	298	65	59	39	37
356	480	295	374	64	94	69	41
379	471	334	400	99	65	61	37
442	458	374	440	81	98	81	43
419	481	320	484	89	78	77	54
519	461	318	490	107	81	64	68
501	462	365	502	96	95	75	68
552	470	347	561	107	83	69	80
540	476	304	557	115	87	71	68
602	419	284	555	86	86	74	67
626	403	265	516	128	83	78	70
619	373	273	557	112	90	66	51
629	382	249	494	125	99	60	62
531	364	247	481	109	78	70	58
527	344	238	485	126	80	66	48
496	343	229	414	108	63	57	47
421	351	206	370	100	59	59	51
421	307	188	311	95	72	43	38
388	300	168	266	92	57	39	32
371	316	158	271	68	57	37	33
342	309	160	256	71	57	35	31
314	286	168	250	63	57	43	24
304	326	174	235	73	48	34	25
276	298	130	226	73	49	41	29
237	248	170	172	49	55	43	27
