500	526	495	623	142	168	152	90
405	502	522	550	191	169	185	105
394	464	516	544	202	158	176	136
413	448	485	546	219	200	209	149
358	452	475	537	217	200	252	153
304	419	500	513	183	177	244	163
316	379	527	560	195	154	254	175
341	352	527	637	153	159	199	189
352	347	562	737	164	129	260	225
287	328	567	794	146	128	239	234
293	272	556	847	120	135	248	225
289	268	570	861	135	132	280	264
265	240	603	835	145	149	307	232
233	295	618	788	171	145	286	245
226	236	665	682	149	158	332	259
229	331	696	596	133	184	295	216
254	362	806	550	131	165	343	168
212	416	820	498	118	175	308	170
243	506	889	475	132	149	304	140
237	542	911	490	133	159	272	113
297	625	821	427	98	157	249	93
285	629	770	436	87	170	188	82
265	603	825	478	93	142	162	68
237	559	835	439	94	124	174	73
217	610	896	432	79	122	172	85
201	685	893	420	89	161	195	73
244	702	840	394	78	141	164	57
290	740	765	398	91	137	188	61
281	632	760	405	71	121	148	73
237	540	853	454	109	109	135	70
218	540	800	430	69	95	139	71
230	510	836	416	72	112	182	64
217	524	819	441	53	93	141	59
209	509	811	363	60	91	143	68
208	479	810	354	62	86	160	56
202	523	791	377	44	101	149	48
190	478	771	359	49	83	153	44
190	497	724	343	59	108	119	44
184	531	667	313	41	96	132	49
194	498	679	301	37	89	137	47
216	525	627	300	43	94	133	43
148	521	607	282	37	95	114	45
180	501	545	260	47	96	108	27
179	530	535	240	53	100	95	31
181	563	537	240	44	92	107	16
165	514	448	207	49	86	104	27
166	481	422	177	43	97	94	27
168	476	399	192	35	97	88	23
162	438	353	151	44	115	83	28
168	401	323	159	26	93	81	22
157	411	277	150	44	81	79	17
149	366	270	146	31	85	54	22
153	338	257	153	39	70	62	19
123	325	237	147	37	62	55	17
150	315	237	160	44	50	58	33
155	253	213	195	38	47	73	23
137	242	195	204	39	36	48	28
156	229	237	225	47	53	42	25
187	228	197	240	32	49	45	25
155	223	226	230	34	39	43	29
168	193	243	268	41	32	50	33
148	170	242	305	39	38	44	37
173	183	193	270	37	31	52	53
145	174	176	302	45	19	43	40
150	150	198	280	38	27	50	44
139	152	176	276	30	32	44	50
119	164	201	286	47	28	41	41
145	134	168	267	37	33	44	39
155	147	171	284	34	24	48	36
173	147	154	287	33	26	48	32
160	146	155	243	37	21	34	37
160	131	136	227	39	26	35	36
136	151	132	201	35	32	33	35
164	166	162	277	35	33	45	40
166	150	189	230	52	32	42	25
238	165	149	198	40	34	48	21
182	193	150	174	46	38	39	21
188	206	141	171	49	46	27	19
161	209	143	163	45	35	32	24
203	223	124	173	46	30	28	27
215	206	128	182	33	40	27	21
198	213	118	199	34	44	37	19
216	226	124	177	63	54	35	19
237	212	142	187	55	37	22	20
212	221	146	190	57	43	41	18
260	243	123	173	58	66	28	32
227	281	115	184	68	70	38	29
268	322	138	207	80	54	41	23
303	350	193	241	73	76	43	32
319	369	225	305	84	57	51	37
417	365	210	301	69	88	43	47
424	374	246	352	90	71	57	51
451	419	274	372	80	66	68	43
435	470	284	406	79	89	60	58
453	567	331	420	83	92	69	52
462	599	354	404	92	97	85	57
441	656	357	300	95	122	74	57
443	706	338	317	90	111	82	38
474	742	332	277	101	118	78	43
483	714	355	327	115	128	80	48
535	732	311	327	126	109	73	58
550	741	310	326	115	145	54	67
626	738	289	317	151	115	64	49
610	682	282	313	127	112	56	48
597	560	273	340	106	104	63	45
571	555	250	326	134	102	62	38
566	475	247	321	93	90	48	62
466	461	250	345	90	106	49	41
418	440	275	338	85	81	60	40
389	458	271	343	90	78	48	38
345	463	270	316	74	72	53	43
301	414	304	311	66	62	54	70
334	387	327	349	52	60	73	36
253	389	369	321	43	57	61	36
281	424	300	270	55	57	62	42
262	433	338	272	56	58	54	34
281	400	351	307	59	73	73	28
308	424	334	280	58	62	73	29
276	351	336	310	45	73	85	36
263	326	310	310	58	46	74	50
232	327	341	329	51	66	53	40
252	305	329	312	46	56	75	46
246	269	326	359	52	51	69	32
244	304	318	351	70	58	64	48
263	280	325	310	55	66	60	46
267	270	307	356	54	41	63	50
267	274	282	378	64	52	67	51
226	243	310	341	58	46	56	46
227	255	327	400	57	55	63	57
209	258	342	403	54	47	68	51
222	249	368	493	52	43	71	49
191	227	384	442	46	35	95	54
218	243	444	473	49	35	89	71
223	247	437	512	39	42	94	71
226	217	441	500	47	47	112	70
211	257	488	491	34	50	114	65
196	241	514	484	48	40	106	85
184	262	485	483	43	50	105	69
191	278	509	470	42	45	111	68
185	238	510	483	31	48	109	66
182	243	544	472	38	59	106	62
193	227	516	455	42	55	90	62
186	274	505	416	50	41	105	59
186	259	486	415	34	53	101	47
159	278	440	355	44	50	90	50
158	256	468	384	38	42	89	37
152	244	408	351	45	44	87	44
132	255	369	302	55	35	68	26
138	264	319	284	37	51	81	22
134	261	313	260	40	52	55	35
171	247	260	226	28	50	47	33
155	276	220	178	46	62	52	26
165	296	230	192	38	50	47	22
155	327	213	130	28	80	48	22
164	327	216	157	41	72	46	17
140	356	221	142	31	91	57	19
152	358	216	128	53	67	47	21
151	347	209	150	53	96	55	20
153	383	243	153	33	83	51	18
157	368	208	154	30	68	68	14
142	360	250	159	28	70	48	21
145	348	253	120	43	73	65	21
156	385	241	151	30	81	49	20
174	384	265	137	33	93	63	25
182	328	274	150	40	81	68	16
158	371	261	141	31	70	49	29
163	360	261	138	34	75	67	20
155	314	232	141	39	73	61	20
142	331	232	143	48	58	54	26
148	356	233	140	44	72	53	27
172	299	223	152	43	68	54	16
181	327	191	126	31	66	47	22
206	361	184	140	47	67	50	19
187	340	175	160	47	78	42	16
224	359	162	177	62	73	52	24
224	351	173	173	65	89	38	23
237	380	204	203	83	86	37	17
268	418	205	182	68	69	51	23
286	435	232	200	66	98	57	21
273	501	268	206	67	99	58	26
291	533	287	220	70	101	63	22
336	570	316	240	88	110	64	22
318	676	332	246	71	112	80	28
315	688	339	302	94	122	71	44
362	712	397	250	85	98	91	31
334	859	439	250	94	140	97	34
318	890	520	293	65	157	106	37
306	892	555	262	70	164	116	42
297	898	582	237	64	155	121	44
261	903	596	285	68	170	140	38
266	838	691	282	56	141	141	39
273	822	742	314	79	166	146	52
256	689	785	309	53	132	157	52
216	743	754	300	69	172	144	49
251	697	777	345	82	112	149	55
278	614	711	359	51	114	150	50
224	619	690	378	66	118	115	38
221	539	735	394	65	87	135	58
224	535	684	403	62	78	102	59
261	564	630	406	85	86	121	54
289	496	633	441	95	110	124	74
303	520	690	472	95	93	129	65
307	561	597	529	88	88	114	75
310	585	628	588	81	100	115	65
324	504	592	588	105	101	126	79
344	455	564	596	99	110	116	72
353	459	561	643	78	119	122	93
372	423	545	676	68	94	104	81
380	389	587	707	100	98	114	104
363	379	595	736	83	84	132	96
435	389	578	824	85	67	150	103
449	353	520	902	118	70	127	114
469	288	442	997	139	85	128	110
535	313	399	1021	127	83	109	121
537	321	363	946	124	70	103	138
565	332	383	872	146	75	100	134
623	340	326	800	142	83	87	93
641	362	303	760	142	96	75	95
676	362	280	620	155	88	76	77
699	368	263	573	140	86	64	81
712	399	244	577	174	86	82	78
738	396	235	600	176	78	76	93
808	397	217	550	163	89	51	88
834	392	230	543	179	86	59	74
799	420	201	579	159	90	47	76
812	404	230	562	166	71	66	86
744	396	281	577	170	77	75	86
785	422	230	570	157	94	57	80
767	454	222	538	152	70	59	72
681	421	236	473	150	82	60	75
649	386	249	438	113	90	59	49
637	445	251	408	129	86	50	47
591	486	261	334	128	84	59	46
542	490	227	357	101	83	61	39
487	485	282	317	103	63	52	37
498	501	211	289	116	74	36	43
536	496	223	288	119	100	50	37
510	488	199	304	100	99	64	34
495	495	194	302	82	96	43	38
496	440	194	302	107	80	51	38
500	428	196	279	95	82	40	36
496	381	172	278	98	77	37	31
438	366	174	312	107	82	32	28
492	371	160	277	117	79	46	39
445	327	155	296	102	60	44	36
448	346	163	252	96	61	29	32
395	284	178	257	98	44	37	36
387	280	146	266	78	54	29	23
354	287	123	234	81	58	42	30
298	288	136	220	78	69	42	31
286	254	138	232	63	51	27	20
284	248	117	179	70	32	31	25
260	225	134	185	63	46	34	28
220	219	140	178	58	51	31	23
201	203	96	149	55	47	33	17
177	197	109	130	39	46	36	14
144	219	129	145	48	39	31	18
136	227	132	136	35	39	39	21
126	224	132	135	30	43	40	12
125	242	165	141	40	59	64	18
109	273	197	150	32	60	62	15
144	333	218	131	27	77	46	27
120	337	221	141	38	96	61	10
123	365	241	152	32	90	39	25
133	391	251	165	37	72	59	19
152	331	229	150	28	64	46	22
131	354	247	176	39	70	54	19
136	348	260	174	26	73	41	19
103	314	238	169	34	74	58	19
117	273	260	164	41	59	74	17
105	291	282	179	30	66	69	23
108	277	280	181	22	38	82	17
82	211	298	183	29	48	83	21
134	243	322	181	28	46	72	27
129	243	338	211	26	53	90	28
120	198	308	206	28	46	98	26
116	208	292	186	23	42	84	21
114	194	280	245	32	36	73	29
141	208	241	237	33	39	71	31
126	160	292	226	24	29	73	34
121	192	280	249	34	34	66	30
114	196	276	251	27	34	65	26
118	186	254	239	24	47	68	33
153	185	227	224	29	26	52	39
126	186	213	242	32	24	38	26
168	177	177	223	33	42	42	20
172	207	188	258	45	29	45	22
185	211	192	224	51	41	36	25
175	207	152	221	66	47	39	36
196	220	146	223	45	41	30	38
227	227	154	250	55	43	33	45
250	229	153	242	60	46	35	25
252	237	158	260	52	53	36	31
242	273	180	252	55	53	33	33
226	267	197	232	56	61	48	32
237	285	180	213	50	61	46	28
256	329	185	218	65	59	49	18
257	322	182	230	55	64	36	23
270	337	157	260	54	62	38	19
243	384	167	221	65	66	44	35
255	395	208	214	62	67	35	29
254	339	226	220	59	61	46	27
229	339	221	222	47	53	56	29
166	291	242	224	52	54	50	38
193	333	263	200	39	43	50	36
191	279	230	214	50	49	57	25
182	263	240	211	42	49	48	28
191	240	207	211	32	32	55	28
141	245	209	205	33	46	49	21
169	207	177	183	29	25	46	31
172	193	180	186	32	27	38	28
165	167	167	214	34	28	37	30
168	177	164	240	43	29	39	32
167	198	157	250	47	28	30	32
183	172	192	273	31	27	46	40
185	160	218	315	55	50	47	30
179	175	235	332	37	33	53	54
218	231	261	335	53	41	53	57
207	210	253	301	37	29	52	48
189	187	243	274	38	28	67	33
172	214	254	302	34	31	59	30
170	201	201	248	36	37	45	31
179	196	186	279	44	28	54	39
203	149	202	317	39	27	55	36
147	146	174	288	50	26	48	37
157	139	175	293	50	28	27	54
167	124	185	350	47	34	36	62
182	136	188	373	46	27	44	62
204	142	176	354	43	24	38	71
219	163	215	418	49	38	39	73
245	177	252	485	43	35	52	70
199	196	250	467	59	36	63	66
224	165	282	480	49	42	58	71
210	184	291	474	45	29	72	92
158	192	283	477	35	25	66	72
176	166	288	410	41	35	48	71
154	163	268	327	39	29	73	64
175	180	270	331	43	31	51	54
133	169	238	296	27	28	68	45
116	167	259	280	40	28	54	48
143	162	246	309	33	24	65	48
146	170	285	328	38	28	71	60
113	164	278	336	30	28	67	65
119	141	287	272	23	23	80	60
101	144	241	248	19	22	73	47
94	144	228	247	23	29	68	36
115	111	198	251	25	22	55	34
105	124	177	244	29	22	42	29
135	137	189	263	19	23	44	41
129	139	160	256	26	16	39	34
141	134	169	252	30	25	32	32
173	131	144	264	46	20	41	33
164	144	155	299	49	37	35	42
179	137	142	330	52	37	26	57
246	168	140	315	62	34	49	59
277	126	160	371	64	32	41	77
270	169	195	428	64	31	48	73
218	171	214	433	59	38	63	63
232	184	237	482	59	31	45	68
217	184	285	439	53	41	74	73
210	187	320	437	45	35	55	55
184	213	359	400	44	40	79	66
163	230	362	359	46	39	99	41
182	248	372	297	33	26	84	51
146	253	378	294	38	43	89	35
117	288	357	244	30	52	98	30
105	290	393	214	30	59	121	33
111	273	384	198	20	46	84	18
109	287	340	172	28	55	81	14
118	306	329	164	35	43	88	14
99	242	282	163	24	50	63	18
95	284	233	166	32	57	67	10
116	279	223	150	29	53	53	3
115	267	225	150	35	58	48	12
110	252	185	127	23	62	54	13
120	247	163	148	39	63	43	26
124	261	151	123	35	48	49	23
122	262	158	115	38	64	31	14
141	224	161	143	41	54	26	26
150	232	128	158	43	38	22	18
185	241	126	143	54	48	32	22
175	222	103	164	40	57	20	17
203	222	94	137	62	38	15	17
214	192	97	155	55	42	16	22
228	191	109	176	71	44	24	25
256	147	124	208	61	30	22	28
237	158	124	203	67	26	21	40
233	122	118	249	80	21	24	43
246	112	123	269	66	27	32	43
221	122	119	278	59	27	20	44
219	118	120	281	59	19	26	57
188	130	118	295	55	23	25	68
162	144	140	317	45	31	23	42
149	127	131	345	43	25	36	67
141	110	184	316	46	26	45	59
151	135	184	309	33	24	53	55
121	118	224	294	25	16	46	56
113	123	233	257	26	24	64	43
124	113	244	266	29	25	68	50
93	145	200	282	24	23	71	39
85	140	237	286	35	26	70	39
103	143	249	243	35	22	66	46
79	141	239	220	18	25	67	24
96	165	204	236	23	22	59	44
113	159	228	238	25	23	65	30
127	162	218	280	27	21	64	24
128	175	221	273	21	29	54	39
136	168	257	286	39	39	51	37
144	179	260	304	19	32	73	53
145	174	240	342	46	28	43	51
181	181	231	399	40	32	51	39
240	203	275	368	40	37	56	58
265	207	234	382	47	41	53	53
277	276	240	376	60	54	60	42
339	296	270	410	65	45	63	43
330	330	272	386	82	46	65	52
339	377	290	341	78	47	62	41
361	422	313	386	74	65	64	35
320	478	293	352	76	76	61	45
375	500	316	335	73	97	69	45
350	546	293	304	82	86	57	46
427	552	313	344	101	73	69	39
493	558	284	333	101	88	61	43
518	525	302	288	90	97	57	48
544	530	259	346	107	77	61	43
567	483	247	374	130	87	47	58
606	448	234	377	128	69	50	39
618	407	179	345	143	73	41	47
589	354	198	385	133	64	44	52
567	321	238	368	130	57	48	55
528	336	196	374	114	64	52	40
523	283	156	383	109	57	56	51
513	249	154	357	132	40	52	55
428	261	141	374	103	40	57	53
404	235	178	389	84	34	41	49
341	204	159	347	72	43	44	56
291	202	187	390	71	41	43	56
273	176	179	330	77	38	41	50
261	205	184	315	75	45	34	42
220	215	145	292	50	43	42	36
232	210	164	253	49	32	27	41
239	183	177	270	61	37	33	49
252	200	137	255	62	38	27	30
269	183	112	238	62	44	26	30
284	224	119	247	74	48	19	28
292	204	107	242	75	51	21	41
313	181	126	298	90	24	23	47
306	177	144	292	76	36	33	54
278	162	134	294	91	31	20	36
253	164	111	316	71	30	37	65
264	157	112	312	83	27	25	63
256	143	105	304	59	30	21	56
204	162	135	301	51	23	28	53
196	157	140	321	46	28	34	34
169	151	184	320	54	27	40	31
182	178	162	282	58	30	44	30
198	171	148	237	36	31	39	33
180	182	179	230	47	32	38	25
158	199	143	219	46	47	37	43
167	183	181	228	39	41	34	27
171	215	172	236	36	32	39	21
125	175	198	268	39	17	36	36
138	172	202	247	30	38	44	30
158	190	182	233	35	22	53	22
146	168	198	277	40	32	43	34
126	157	172	228	35	30	42	33
166	168	156	242	40	38	48	27
141	153	191	233	37	25	45	42
154	142	184	258	28	40	35	35
147	163	192	232	31	33	57	46
127	150	175	211	31	31	39	39
144	177	173	225	26	29	38	37
127	166	220	239	39	33	41	23
119	170	213	264	30	34	46	32
114	197	198	221	35	34	54	36
112	208	193	218	33	28	54	37
98	212	241	221	24	35	54	34
121	175	228	205	30	38	53	20
121	192	214	207	29	46	61	16
138	159	211	193	24	45	38	33
110	233	230	206	17	30	52	16
129	201	243	186	37	27	61	24
120	192	239	211	37	39	48	21
102	218	236	213	37	58	70	27
128	255	233	232	39	58	55	23
140	275	230	227	39	43	53	23
174	289	241	230	28	59	47	33
181	274	256	219	50	67	58	25
174	306	259	253	46	49	48	27
191	313	279	264	49	49	58	31
183	291	270	234	50	61	51	35
176	285	291	258	41	43	59	33
201	271	264	245	45	44	50	29
203	257	249	244	60	47	50	30
206	239	226	230	57	52	40	30
214	228	218	217	43	38	36	28
203	288	188	234	37	50	45	39
210	261	181	232	55	35	35	22
267	275	151	226	79	62	35	26
314	307	166	230	76	59	32	37
