73.516129	59.451613	159.16129	84.193548	66.612903	481.096774	274.193548
82.774194	69.903226	158.806452	103.290323	74.225806	538.677419	282.096774
87	78.064516	175.322581	116.290323	80.580645	529.645161	272.967742
96.870968	83.387097	207.677419	121.870968	84.16129	556.354839	339.870968
114.032258	104.258065	229.870968	144.096774	103.967742	678.387097	381.870968
128.483871	114.225806	225.967742	160.935484	116.064516	713.935484	378.516129
138.193548	129.129032	231.354839	174.677419	125.290323	713.483871	387
152.258065	143.580645	222.354839	195.322581	134.580645	720.967742	395.612903
184.225806	175.806452	216.677419	234.903226	169.032258	693.193548	375.354839
203.677419	190.193548	206.709677	257.612903	183.483871	668.645161	368.322581
218.16129	208	196.870968	281.290323	205.677419	647.451613	340.129032
239	220.83871	186.032258	308.903226	221.064516	613.096774	324.16129
289.548387	275.483871	161.032258	372.16129	265.548387	513.322581	282.741935
311.83871	284.903226	143.516129	406.967742	280.193548	477.16129	266.354839
326.870968	306	128.387097	447.096774	306.451613	445.225806	243.903226
340.612903	337.193548	123.548387	469.290323	339	390.064516	208.774194
369.806452	368.322581	101.935484	511.548387	376.709677	322.096774	176.419355
392.290323	383.096774	87.645161	525.483871	383.258065	295.741935	161.967742
392.774194	383.774194	79.580645	548.354839	396.548387	273.129032	151
395.322581	386.225806	70.419355	557.193548	404.806452	249.83871	130.129032
379.129032	373.322581	56.774194	522	401.129032	201.225806	106.967742
363.258065	363.967742	52.129032	503.290323	378.290323	191.612903	96.032258
352.580645	342.967742	44.903226	479.387097	356.645161	174.419355	90.290323
330.548387	324.741935	39.290323	453.677419	341.419355	163.83871	79.225806
288.774194	283.741935	31.193548	382.548387	290.483871	135.580645	66.516129
257.451613	270.806452	29.354839	358.193548	275.709677	123.193548	61.612903
232.580645	250.451613	25.967742	319.032258	254.258065	112.225806	54.774194
213.193548	229.774194	24.258065	288.83871	231.612903	102	50.193548
65.677419	76.548387	175.129032	97.774194	83.387097	510.258065	228.709677
75.741935	81.580645	175.580645	108.967742	91.451613	499.870968	238
81.354839	91.935484	214.129032	115.935484	96.83871	525.935484	284.548387
90.677419	101	225.096774	126.16129	108.677419	621.16129	310.677419
107.225806	119.967742	243.677419	151.322581	130.129032	654.193548	328.580645
119.870968	130	242.225806	163.83871	142.548387	670.83871	330.129032
130.967742	145.935484	240.096774	183.548387	155.16129	678.322581	325.032258
140.903226	155.83871	242.451613	198.129032	172.935484	669	322.935484
172.645161	190.193548	224.516129	241.645161	208.774194	635.709677	314.83871
191.548387	205.870968	208.354839	273.16129	234.258065	611.258065	297
209.354839	223.354839	200.516129	302.483871	259.645161	581.16129	283.354839
225.064516	250.483871	171.451613	331.322581	282.870968	540.096774	260.677419
262.193548	301.903226	152.16129	383.870968	335.419355	453	222.612903
279.677419	328.709677	144.064516	416.322581	363.258065	410.16129	209.419355
296.935484	353.935484	123.870968	430.193548	393.419355	381.83871	186.709677
311.774194	379.741935	118.806452	459.516129	415.258065	342.709677	163.806452
329.677419	403.903226	92.451613	500.774194	456.83871	287.322581	136.258065
335.580645	403.612903	84.516129	506.709677	463.870968	259.83871	122.645161
339.096774	403.129032	74.741935	514.322581	469.677419	243.870968	109.870968
329.580645	399.806452	66.096774	506.903226	462.741935	220.193548	96.516129
316.225806	381	53.419355	480.193548	437.354839	185.419355	83.548387
300.741935	362.483871	51.032258	450.548387	419.16129	168.258065	77.354839
283.193548	370.483871	49.516129	418.612903	392.354839	147.516129	67.129032
270.645161	334.806452	37.83871	380.83871	356.483871	136.258065	62.258065
235.612903	287.645161	30.806452	330.451613	305.516129	111.290323	51.258065
214.129032	268.322581	31.225806	310.774194	275	109.709677	45.967742
202	254.193548	29.387097	288.709677	256.83871	99.870968	42
43.870968	97.516129	238.83871	78.741935	75.548387	424.451613	153.741935
52.387097	122.258065	234.451613	97.387097	97.806452	434.129032	168.774194
59.612903	132.83871	283.096774	106.483871	108.612903	506.903226	207.225806
61.258065	145.032258	308.225806	114.516129	116.935484	555.483871	239.032258
72.677419	161.193548	322.032258	122.322581	125	570.096774	251.935484
87.225806	183.806452	328.032258	146.580645	151.935484	590.451613	264.935484
96.903226	207.741935	323.580645	161	169.612903	597.935484	259.225806
108.548387	218.645161	314	175	188.677419	595.483871	255.580645
123.258065	242.774194	309.677419	190.774194	212.322581	578.548387	250.935484
144.870968	300.129032	288.516129	237.935484	245.709677	534.580645	229.483871
161.645161	319.870968	267.516129	257.483871	275	504.258065	224.612903
173.387097	346.129032	251.032258	276.096774	294.354839	469.483871	207.709677
186.548387	368.741935	230.096774	308.419355	344.225806	443.612903	187.806452
220.741935	428.580645	187.774194	355.354839	396.258065	373.935484	152.354839
234.774194	453.548387	182.806452	376.419355	433.516129	333.806452	135.806452
249.83871	486.580645	158.516129	393.774194	455.612903	298.83871	127.193548
256.83871	499.032258	147.83871	408.967742	477.032258	281.290323	112.064516
273.83871	518.709677	121	435.064516	502.322581	231.16129	92.322581
278.225806	516.741935	112.483871	428.451613	507.193548	212.064516	84.903226
267.677419	504.354839	100.096774	429.548387	507.387097	187.290323	71.967742
256.806452	494.419355	91.903226	413.193548	496.193548	177.387097	68.612903
243.806452	469.193548	75.193548	382.612903	451.322581	143.580645	54.580645
234.387097	446.129032	68.548387	362.612903	421.935484	126.258065	48.483871
215.322581	419.935484	62.096774	336.354839	385.193548	114.225806	43.516129
195.806452	385.580645	56.193548	312.612903	366.16129	112.741935	39.032258
165.967742	344.548387	46.225806	254.096774	304	87.677419	32.677419
156.741935	325.483871	43.258065	235.870968	275.129032	82.290323	27.774194
42.193548	113.516129	282	72.16129	62.83871	367.290323	151.322581
44.774194	125.580645	290.741935	72.903226	85	373.677419	151.580645
55.16129	147.483871	312.322581	91.387097	109.645161	452.967742	201.322581
61.032258	165.935484	363.741935	96.870968	117.935484	488.967742	232.580645
67.129032	174.096774	371.83871	108.290323	129.709677	501.677419	244
75.032258	193.806452	381.612903	123.064516	142.16129	515.354839	250.451613
93.032258	233.806452	385.258065	143.290323	170.129032	522.741935	247.193548
105.290323	248.225806	373.741935	162.193548	189	511.774194	244.645161
116.516129	278.709677	363.483871	177.548387	211.322581	513.096774	238.677419
127.612903	297.516129	342.129032	191.580645	231.225806	493.645161	234.774194
153.645161	351.290323	307.258065	227.354839	280.741935	444.193548	208.580645
171.870968	389.258065	287.612903	249.419355	310.516129	418.903226	199.032258
183.483871	424.16129	264.741935	267.290323	343.258065	392.83871	179.903226
193.354839	461.193548	245.967742	290.83871	367.516129	355.709677	160.290323
227.903226	525.774194	210.096774	323.387097	444.387097	297.774194	136.258065
245.354839	547.677419	182.483871	348.387097	465.935484	265.612903	122.612903
248.354839	576.741935	170.645161	354.064516	486.548387	244.870968	112.064516
261.580645	590.806452	148.645161	368.548387	509.096774	221.967742	96.580645
263.548387	593.83871	127	371.451613	521.225806	188	79.677419
260.193548	594.225806	118.193548	374.741935	518.774194	168.290323	68.709677
258.483871	577.741935	104.129032	361.064516	495.16129	151.322581	65.935484
243.032258	552.774194	94.935484	353.83871	482.290323	135.645161	56.354839
221.064516	504.225806	78.290323	317.290323	423.709677	112.645161	45.612903
219.483871	480	71.612903	293.419355	390.16129	103.096774	41.516129
195.677419	445.258065	66.451613	273.774194	357	93.258065	39.129032
176.451613	420.709677	60.580645	247.677419	334.032258	83.516129	33.677419
149.645161	367.322581	52.032258	202.903226	279.580645	71.096774	27.774194
44.225806	119.516129	323.903226	47.548387	63.258065	284.83871	179.290323
49.290323	138.774194	344.709677	51.83871	82.16129	281.322581	178.870968
55.419355	149.193548	329.709677	67.290323	93.064516	334.806452	195.677419
66.645161	178.258065	432.290323	73.290323	106.580645	381.774194	251
72.483871	196.580645	429.354839	76.387097	120.903226	390.387097	265.967742
81.193548	210.870968	444	87.032258	134.322581	412.322581	271.225806
88.677419	234.83871	449.612903	90.774194	144.451613	411.677419	274.129032
116.741935	278.129032	437.290323	115.387097	178.935484	403.387097	264.709677
124.483871	305.870968	413.290323	129.516129	202.774194	412.83871	258.354839
140.516129	332.774194	402.741935	147.419355	214.096774	404.096774	251.483871
149.387097	364	376.967742	175.709677	237.967742	405.580645	241.451613
179.451613	423.612903	335.870968	214.741935	289.709677	363.516129	216.225806
203.516129	457.322581	300.483871	232.451613	315.935484	336.096774	195.580645
214.290323	492.612903	278.935484	247.870968	355.096774	307.612903	179.225806
232.548387	530.322581	250.870968	266.16129	371.387097	283.967742	165.709677
259.354839	606.806452	206.580645	281.290323	427.290323	225.483871	134.870968
272.870968	625.387097	185.096774	299.451613	453.129032	206.354839	118.258065
281.645161	638.774194	174.516129	305.580645	463.677419	190.903226	106.16129
281.870968	650.645161	161.774194	312.967742	482.322581	173.322581	91.16129
278.967742	648.516129	130.870968	300.806452	476.419355	134.032258	76.548387
274.322581	641.83871	121.387097	287.903226	458.096774	116.935484	67.645161
268.612903	613.677419	108.774194	295.806452	444.064516	108.645161	64.032258
257.516129	594.129032	100.096774	285.645161	434.548387	102.83871	56.806452
230.290323	531.516129	83.774194	225.774194	362.096774	69.677419	48.967742
218.677419	456.580645	71.193548	209.806452	332.516129	69.870968	44.322581
197	369.419355	68.709677	194.225806	302.741935	60.387097	38.225806
182.387097	342.870968	64.258065	174.709677	276.290323	53.419355	34.16129
68.096774	100.645161	346.612903	41.096774	73.870968	245.516129	251.645161
73.419355	118.16129	386.612903	43.870968	82.032258	246.83871	241.387097
82.741935	137.548387	387.516129	48.516129	85.225806	276.483871	246.677419
89.225806	149.967742	383.483871	55.290323	97.258065	319.16129	305.096774
107.419355	169.354839	489.419355	65.096774	109.516129	348.903226	342.193548
120.774194	189.354839	502.193548	74.096774	123.645161	362.129032	355.258065
126.322581	204.83871	504.096774	81.387097	134.16129	361.935484	360.032258
144.903226	285.774194	505.032258	91.354839	144.903226	367.774194	366.064516
171.419355	333.870968	476.612903	112.483871	176.064516	362.064516	349.806452
189.354839	374.096774	453.677419	126.870968	192.870968	347.516129	336.903226
208.741935	408.064516	419.483871	138.870968	212	339.096774	322.064516
225.096774	451.387097	394.709677	149.612903	229.322581	318.483871	305.709677
271.83871	531.645161	335.83871	180.032258	278.096774	270	273.451613
295.354839	565.967742	298.806452	200.483871	305.322581	253.354839	245.387097
304.677419	608.677419	270.967742	217.193548	314.225806	228.354839	226.580645
331.548387	656.225806	249.806452	223.419355	345.645161	211.193548	206.258065
369.258065	705.612903	206.83871	249.032258	382.83871	165.419355	168.129032
375.16129	729.322581	189.516129	249.967742	392.612903	150.548387	153.870968
384.580645	752.16129	163.193548	256.225806	405.741935	135.354839	141.645161
373.548387	741.870968	156.612903	263.354839	405.774194	124.516129	127.064516
376.483871	726	129.258065	248.967742	387.612903	100.419355	105.741935
354.967742	697.032258	117.129032	245.451613	377.354839	89.225806	97.354839
348.806452	663.387097	104.290323	231.258065	355.322581	80.258065	91.129032
325.225806	639.548387	95.193548	216.870968	332.709677	68.903226	78.967742
286.580645	545.677419	81.903226	187.032258	283.193548	57.709677	65.193548
268.354839	493.16129	73.870968	179.16129	261.709677	52.774194	61.064516
239.225806	450.354839	70.483871	162.870968	242.290323	47.129032	53.709677
221.064516	411	62.516129	145.387097	217.709677	43.419355	50.096774
91.16129	152.83871	382.935484	42.806452	69	242.580645	302.806452
95.451613	171.483871	386	47.741935	73.903226	276.258065	281.096774
103.258065	185.354839	394.483871	52.580645	84.064516	311.354839	350.258065
109.032258	203.806452	483.548387	59.83871	89	332	390.096774
136.16129	227.741935	511.645161	71.258065	103.322581	359.677419	409.741935
147.032258	250.548387	524.129032	84.032258	114.677419	361.580645	417.354839
163.129032	280.967742	516.935484	93.129032	125.322581	362.903226	423.387097
178.645161	257.193548	494.677419	102.354839	136.870968	367.677419	417.677419
216.16129	293.129032	455.580645	128.387097	166.935484	347.612903	393.612903
238.129032	316.741935	433.677419	137.677419	187.645161	327.258065	365.290323
260.387097	342.290323	404.967742	152.548387	205.258065	314.064516	352.354839
275.354839	456.870968	368.322581	169.290323	215.354839	299.419355	334.903226
328.225806	527.419355	304.709677	198.709677	262.645161	252.387097	283
352.83871	568.354839	275.322581	214.903226	277.483871	226.322581	261.225806
384.064516	619.451613	250.16129	227.580645	300.064516	207.354839	237.16129
405	649.645161	225.225806	238.032258	312.580645	189.645161	216.290323
434.870968	703.258065	186.419355	252.451613	335.483871	148.387097	172.935484
436.741935	728.741935	173.967742	259.032258	340.032258	140	161.516129
447.774194	725.677419	155.612903	260.354839	337.967742	121.741935	148.677419
443.677419	708.741935	142.580645	258.064516	340.193548	112.935484	132.774194
419.967742	679.806452	120.903226	251.258065	320.225806	92.16129	110.870968
392.483871	650.290323	105.451613	232.935484	306.354839	77.967742	101.193548
376.806452	614.032258	100.064516	226.580645	290.322581	72.83871	88.774194
351.935484	574.16129	90.096774	212.16129	270	68.516129	84.903226
299.387097	489	74.612903	181.774194	232.967742	53.451613	69.935484
269.225806	461.064516	67.516129	157.709677	217.806452	47.129032	64.516129
259	431.290323	64.032258	149.387097	188.612903	44.580645	58.387097
86.290323	122.483871	322.419355	40.967742	44.612903	251.258065	335.387097
109.967742	162.870968	355.387097	53.096774	49.580645	284.516129	333.774194
120.387097	181.774194	364.967742	58.16129	66.612903	325.935484	384.16129
125.83871	188.806452	449.870968	61.612903	70.032258	345	452.322581
138.451613	214.645161	459.16129	71.096774	70.612903	369.064516	466
168.774194	250.290323	480.903226	86.709677	87.483871	385.096774	483.16129
184.032258	271.870968	482.290323	97.741935	93.16129	386.516129	487.258065
196.870968	295.580645	464.83871	108.16129	94.419355	385.935484	478.548387
222.193548	320.548387	444.612903	118.774194	102.258065	377.645161	468
266.032258	389.774194	409.322581	140.129032	140.419355	338.612903	431.387097
293.258065	413.645161	373.741935	160.064516	150.903226	317.354839	404.387097
323.387097	456.677419	349.806452	173.193548	164.387097	298.387097	380.290323
351.258065	481.677419	307.032258	200.903226	159.419355	291.677419	358.580645
413.935484	558.032258	252.709677	217.967742	194.83871	230.903226	294.129032
431.258065	606.903226	235.193548	234.387097	204.548387	215.612903	265.967742
463.387097	627.83871	210	247.548387	219	196.032258	241.806452
486.935484	657.096774	190.290323	261.096774	227.580645	173.741935	224.16129
517.16129	665.516129	157.903226	272.935484	238.806452	146.516129	184.322581
511.870968	683.290323	141.16129	278.967742	238.806452	130.709677	172.193548
510.612903	668.548387	129.741935	273.387097	244.387097	119.193548	150.451613
501.806452	656.741935	117.516129	261.709677	236.451613	108.225806	135.129032
458.903226	606.193548	95.064516	246.483871	217.290323	83.935484	114.322581
430.451613	570.225806	86.129032	233.483871	215.290323	78.83871	103.290323
404.645161	532	79.677419	221.483871	192.806452	71.258065	93.290323
361.806452	519.419355	75.83871	202.096774	179.903226	61.064516	87.451613
313.83871	416.741935	61.483871	178.806452	147.709677	54.322581	74.774194
274.741935	403.741935	58.451613	156.225806	134.258065	48.806452	67.709677
86.580645	117.516129	301.225806	66.741935	36.225806	339.741935	362.677419
105.290323	137.064516	332.258065	75.193548	37.032258	316.806452	393.774194
132.806452	170.935484	351	86.064516	45.032258	394.129032	411.935484
140.16129	180	406.774194	95.774194	49.645161	452.032258	498.870968
151.290323	192.096774	412.387097	107.096774	56.193548	471.870968	517.548387
160.322581	203.387097	420.580645	118.193548	63.548387	489.806452	525.806452
198.193548	248.774194	415.645161	143.548387	80.096774	498.032258	544.806452
216.354839	268.193548	403.967742	156.709677	88.16129	491.903226	540.258065
231.806452	291.322581	399.483871	171.419355	97.354839	488.258065	516.387097
260.129032	326.451613	376.096774	188.129032	108.741935	470.290323	500.83871
312.516129	382.709677	339.870968	225.967742	133.806452	436.16129	442.193548
342.612903	415.258065	310.612903	248.387097	143.483871	417.322581	409.612903
370.16129	447.709677	287	265.096774	159.451613	378.129032	370.419355
409.225806	473.870968	269.548387	278.83871	172.806452	345.903226	342.032258
468.677419	542.903226	215.935484	327.322581	204.096774	296.193548	282.387097
499.967742	575.064516	196.322581	342.741935	210.903226	262.419355	252.806452
533.870968	590.096774	184.064516	357.387097	216.806452	236.193548	232.774194
543.193548	593.612903	169.290323	361.645161	230.83871	218.16129	220.645161
566.516129	599.096774	131.387097	375.709677	233.806452	188.612903	175.419355
558.580645	592.354839	117.258065	367.741935	227.580645	169.193548	160.870968
542.096774	626.870968	112.677419	369.612903	225.548387	159.322581	147.387097
517.516129	606.516129	100.677419	357.290323	213.709677	140.064516	129.709677
466.193548	547.451613	81.83871	328.032258	191.225806	119.741935	111.870968
418.967742	515.741935	72.741935	302	187.516129	98.612903	103.354839
397.935484	488.290323	67.677419	271.064516	170.935484	94.612903	90.483871
365.322581	457.290323	64.935484	255	154	84.903226	86.709677
306.806452	382.16129	50.258065	222.387097	126.387097	76.741935	75.483871
56.903226	115.967742	261.483871	76.258065	32.129032	401.193548	371.645161
95.096774	128.387097	279.290323	84.935484	39.096774	377.193548	400.967742
118.387097	143.709677	260.096774	92.870968	40.645161	368.935484	290.451613
139.741935	171.387097	339.83871	109.870968	50.032258	514.258065	434.096774
152.935484	183.258065	354.483871	119.290323	55.322581	545.516129	530.580645
166.483871	201.83871	354.451613	130.741935	60.83871	553.225806	545.806452
182.387097	214.354839	363	141.967742	66.870968	563.580645	558.870968
218.225806	255.064516	353.516129	176.064516	85.967742	566.548387	558.645161
244.064516	277.967742	336.225806	194.322581	96.064516	557	543.870968
263.677419	306.225806	330.419355	209.83871	105.580645	535.903226	510.225806
293.935484	331.774194	311.193548	230.129032	114.548387	512.225806	489.290323
352.419355	382.870968	269.774194	274.129032	145.096774	464.225806	425.580645
391.354839	423.483871	251.258065	299.322581	153.935484	419.903226	391.580645
416.645161	445.645161	230.258065	327.354839	170.774194	394.516129	338.870968
444.354839	467.193548	204.129032	350.096774	185.032258	374.129032	312.677419
503.935484	524.354839	164.967742	396.451613	206.677419	305.193548	256.483871
534.483871	539.322581	155.032258	413.129032	212.064516	280.193548	240
555.580645	559.580645	137.903226	425.580645	221.935484	256.16129	221.516129
567.258065	558.16129	126.741935	433.612903	228.935484	233.548387	196.741935
556.580645	566.645161	105.516129	427.709677	227.387097	188.483871	159.451613
540.935484	553.645161	93.354839	417.354839	224.903226	173.451613	141.451613
520.322581	533.677419	85.83871	402.774194	216.483871	159.903226	131.483871
502.645161	520.354839	78.322581	383.129032	207.516129	145.903226	120.096774
426.193548	458.870968	63.548387	346.483871	185.516129	118.903226	103.870968
393.451613	431.096774	60.290323	315.096774	169.451613	109.774194	94.741935
371.677419	406.064516	53.096774	291.645161	161.483871	103.419355	85.903226
335.903226	370.645161	49.129032	263.225806	138.903226	94.419355	80.258065
77.16129	97.516129	218.16129	78.258065	34.774194	445.096774	339.516129
98.645161	110.741935	225.064516	92.741935	41.548387	472.516129	369.806452
110.645161	121.193548	220.064516	106.258065	43.516129	443.387097	350.064516
115.774194	121.16129	266.612903	115.225806	46.870968	505.516129	368.806452
139.774194	147.096774	303.322581	136.806452	56.419355	622.741935	489.193548
150.870968	147.387097	290.645161	150.774194	60.709677	641.096774	497.419355
171.548387	165.387097	308.548387	163.645161	70.83871	648.258065	515.290323
188.612903	192.774194	304.193548	176	78.032258	646.645161	515.290323
227	232.129032	288.774194	220.064516	99.290323	630.290323	493.774194
247.258065	250.677419	279.096774	240.645161	113.451613	615.548387	473.935484
265.903226	264.935484	259.096774	271	134.451613	593.225806	448.451613
292.032258	272.548387	239.419355	292.16129	151.387097	561.516129	414.677419
356.645161	306.677419	194.677419	348.83871	172.032258	482.483871	346
389.129032	367.096774	194.516129	366	176.193548	439.064516	332.258065
409.935484	360.806452	158.483871	412.483871	214.322581	409.967742	285.774194
447.612903	377.258065	141	430.935484	216.387097	377.516129	261.193548
500.290323	417.709677	120.354839	469.290323	218.290323	307.419355	218.548387
500.032258	424.096774	102.225806	502.935484	251.225806	283.16129	192.709677
520.129032	404.193548	86.193548	507.451613	260.806452	261.225806	172.516129
515.645161	327.322581	83.225806	512.516129	265.387097	237.580645	163.741935
494	296.741935	64.774194	490.774194	262.129032	200.290323	129.483871
476.612903	292.387097	54.677419	465.645161	234.483871	177.967742	123.16129
460.741935	398.225806	56.580645	443.096774	222.806452	166.483871	110.612903
419.645161	360.903226	46.419355	422.548387	244.870968	153.064516	97.83871
363.645161	312.483871	35.83871	371.967742	209.451613	124	79.129032
331.83871	285.580645	31.483871	332.387097	195.354839	120.806452	76.645161
301.967742	264.677419	27.064516	311.290323	184.322581	110.096774	69.16129
273.032258	234.064516	25.741935	280.516129	159.612903	97.709677	65.129032
92.709677	81.354839	166.83871	105.387097	61.064516	528	344.967742
104.483871	87.096774	178.096774	109.225806	67.83871	512.516129	325.483871
112.290323	85.354839	211.451613	128.483871	70.064516	555.741935	374.612903
121.290323	72.935484	222.806452	138.129032	80.967742	655.225806	423.645161
141.451613	125.096774	231.935484	157.645161	97.83871	689.741935	452.096774
157.580645	138.16129	238.258065	174.387097	107.516129	699.451613	457.096774
178.387097	151.193548	237.580645	191.516129	120.935484	717.967742	476.612903
189.16129	169	229.709677	207	131.709677	713.709677	445.677419
227.16129	197.709677	211.903226	257.645161	162.354839	664.290323	422.387097
253.483871	218.548387	201.806452	278.709677	180.741935	640.193548	406.516129
273.548387	238.83871	186.935484	314.645161	191.612903	597.483871	382.290323
301.967742	260.193548	171.967742	336.774194	215.903226	564.322581	353.419355
350.354839	307.774194	153.580645	402.903226	250.483871	474.677419	291.387097
381.258065	329.290323	135.096774	431.322581	259.774194	426.387097	277.419355
397.870968	345.83871	118.354839	466.451613	287.516129	400.129032	243.83871
423.709677	365.967742	105.870968	496	305.032258	360.419355	224.83871
457	386	88.612903	529.387097	322.548387	297.129032	185.193548
457.193548	388.483871	75.935484	552.870968	333.548387	281.322581	169.483871
454.83871	393.419355	71.806452	547.677419	337.677419	249.645161	150.83871
458.290323	381.064516	63.645161	540.677419	333.870968	223.741935	140.903226
432.419355	360.354839	50.322581	516.709677	312.741935	195.774194	119.096774
413.83871	351.741935	46.16129	478.322581	305.193548	170.612903	104.322581
382.225806	332.612903	41.032258	451.225806	291.548387	160.774194	96
361.322581	303.806452	37.032258	423.322581	271.451613	145.258065	84.322581
308.645161	204.806452	27.612903	361.096774	225.032258	119.935484	75.032258
284.129032	188.580645	26.193548	318.387097	211.580645	114.935484	64.935484
262.516129	167.354839	24.774194	295.709677	187.806452	102.225806	63.16129
58.548387	61.322581	146.741935	84.709677	198.83871	519.967742	244.322581
71.709677	80.580645	165.903226	117.290323	114.806452	587.645161	243.870968
67.870968	88.677419	193.483871	126.096774	110.064516	576.677419	303.064516
69.548387	98.387097	204.322581	133.935484	118.419355	699.322581	328.096774
76.870968	107.677419	208.774194	150.290323	127.258065	738.548387	333.741935
91.83871	126.032258	217.548387	175.580645	285.612903	761.16129	349.612903
99.387097	142.677419	219.548387	193.193548	302.290323	760.064516	338.548387
113.935484	158.580645	206.709677	211.709677	269.451613	771.870968	339.709677
125	175.580645	211.548387	232.612903	319.483871	727.064516	338.290323
150.580645	212.483871	190.16129	282.903226	394.645161	683	306.419355
163.16129	234.193548	179.935484	307	380.032258	639.548387	289.483871
178.806452	250.516129	166.096774	346.709677	473.129032	595.064516	277.064516
183.903226	263.032258	155.483871	381.903226	488.741935	557.096774	257.096774
207.83871	304.935484	127.806452	453	740.806452	468.774194	210.709677
228.83871	335.774194	121.870968	466.645161	892.548387	410.451613	196.612903
245.612903	343.548387	108.322581	495.774194	921.193548	377.032258	179.290323
257.774194	354.483871	97.903226	521.870968	950.129032	346.032258	162.612903
267.806452	371.354839	80.677419	552.16129	1002.935484	284.483871	135.096774
264.935484	359.225806	69.064516	561	1000.096774	271.967742	117.645161
263.516129	354.193548	65.290323	547.516129	992.870968	241.83871	106.580645
253.709677	353.322581	60.16129	535.935484	1000.677419	222.322581	97.451613
233.612903	324.290323	43.612903	492.612903	762.419355	188.548387	80.354839
228.354839	298.322581	40.645161	460.064516	705.451613	165	75.419355
208.290323	299.032258	34.451613	420.258065	453.064516	156.774194	67.935484
190.741935	274.645161	34	397.064516	440.612903	142.677419	60.419355
164.548387	238.83871	26.096774	325.580645	309.096774	127.193548	48.419355
151.290323	222.193548	22.967742	285.387097	273.225806	114.483871	44.774194
52.483871	92.709677	215.322581	85.354839	84.967742	475.129032	190
60.967742	99.516129	201.580645	104.193548	94.774194	514.774194	193.83871
70.354839	121.709677	253.451613	129.322581	120.322581	532.645161	254.580645
77.483871	131.258065	271.064516	140.516129	132.322581	636.290323	278.16129
86.806452	144.096774	279.741935	144.419355	141.258065	647.903226	280.774194
96.258065	161	288.741935	162.193548	155.225806	666.516129	290.935484
119	192.806452	284.193548	201.935484	183.83871	678.580645	295.193548
127.387097	213.709677	286.580645	216.032258	204.096774	674.064516	285.645161
138.580645	234.870968	283.935484	232.870968	221.419355	654.548387	276.032258
156.451613	248.16129	261.225806	258.83871	245.870968	640	276.516129
184.806452	296.258065	237.741935	310.096774	297.16129	582.322581	244.580645
202.903226	324.548387	226.516129	336.612903	324.419355	532.580645	235.258065
219.064516	346.129032	210.774194	360.870968	357.806452	507.354839	224.354839
225.774194	367.290323	187.645161	400	397.516129	464.387097	202.354839
244.354839	428.870968	166.580645	438	463.451613	373.903226	154.677419
249.741935	446.83871	149.096774	469.064516	499.548387	340.870968	134.354839
261.096774	469.903226	139.709677	479.258065	518	306.548387	125.677419
270.645161	480.774194	124.064516	502.322581	554.612903	280.387097	108.258065
277.354839	487.935484	104.193548	516.419355	556.548387	237.419355	89.806452
284.419355	476.516129	91.709677	515.935484	542	220.419355	89.129032
269.903226	459.129032	82.612903	505.483871	549	198.741935	73.870968
263.16129	450.258065	74.903226	484	528	183.645161	69.387097
226.967742	413.129032	61.064516	431.129032	462.967742	148.741935	53.774194
210.322581	400.096774	55.290323	397.096774	426.645161	134.451613	45.677419
211.806452	373.387097	47.709677	373	388.935484	129.806452	45.354839
188.419355	340.774194	45.677419	341.935484	353.677419	116.129032	42.419355
153.967742	298.516129	39.193548	296.096774	302.580645	101.580645	32.935484
37.193548	110.322581	256.258065	81.387097	88.677419	417.258065	137.032258
42.677419	124.129032	237.612903	92.580645	96.709677	432.903226	138.516129
47.580645	134.612903	232.129032	97.354839	115.419355	404.516129	149.096774
53.419355	162.645161	325.451613	116.516129	135.290323	531.419355	214.806452
61.032258	178.935484	343.774194	119.677419	149.967742	545.064516	218.258065
69.967742	187.677419	343.516129	140	165.096774	552.741935	226.806452
79.225806	207.935484	347.677419	148.129032	174.193548	569.16129	233.16129
96.935484	244.258065	346.83871	184.806452	220.354839	565.741935	226.032258
108.032258	273.548387	340.806452	198.935484	235.290323	544.935484	219.967742
118.225806	301.225806	321.322581	219.83871	258.322581	543.354839	215.548387
127.580645	328.548387	307.677419	235.16129	293.193548	511.580645	208
157.258065	371.903226	269.258065	284.645161	338.645161	459.612903	187.032258
170.451613	403.290323	249.806452	313.193548	372.83871	431.580645	172.903226
184.129032	439.354839	232.516129	335.16129	414.645161	398.096774	152.483871
198.064516	463.064516	207.16129	357.290323	455.193548	363.935484	141.677419
216.967742	524.612903	179.096774	388.129032	539.419355	292.419355	111.387097
224.193548	544.612903	159.967742	404.741935	554.774194	263.419355	100.870968
235.548387	552.645161	148.548387	422.580645	585.096774	251.645161	89.903226
230.580645	564.741935	138.387097	432.806452	598.193548	233.225806	78.645161
237.032258	558.935484	109.612903	427.064516	592.064516	190.967742	66.935484
232.129032	549.096774	97.903226	410.419355	569.032258	170.516129	63.064516
226.096774	545.677419	95.83871	395.193548	553.645161	150.645161	52.709677
212.387097	522.032258	81.677419	378.290323	513.129032	139.193548	48.83871
188.645161	468.354839	71.774194	335.16129	441.193548	116.967742	36.483871
172.483871	440.258065	64.290323	315	415.83871	107.193548	34.129032
162.16129	395.903226	58.709677	288.709677	379.387097	103.225806	30.774194
146.774194	382.903226	54.483871	260.451613	353.645161	88.322581	28.064516
39.387097	112.451613	314.612903	63.322581	56.645161	337.193548	147.258065
42.580645	145.967742	335.83871	73.193548	63.193548	341.935484	151.354839
49.064516	165.193548	259.096774	79.741935	98.83871	348.225806	167.129032
52.741935	183.064516	312.193548	85	124.677419	411.451613	202.096774
65.096774	209.258065	434.774194	100.774194	143.419355	448.483871	229.709677
71.193548	234.258065	437.387097	110.774194	159.677419	460.16129	231.548387
79.483871	240.516129	428.967742	120.903226	178.032258	472.967742	231.516129
88.870968	272.064516	443.645161	133.290323	197.516129	462.451613	236.387097
108.806452	321.870968	420.290323	164.677419	235.064516	459.677419	228.677419
120.774194	345.483871	400.225806	176.516129	255.129032	445.387097	218.967742
130.419355	385.096774	386.709677	192.709677	282.83871	419.741935	207.225806
146.709677	412.806452	365.290323	212.064516	310.548387	400.032258	204.870968
175	480.354839	303.677419	256.032258	371	352.16129	172.387097
185.322581	520.967742	292.16129	264.258065	406.580645	321.032258	162.774194
201.967742	556.483871	249.709677	286.870968	451.83871	308.096774	145.451613
215.419355	605.16129	240.096774	299.096774	472.83871	268.322581	134.258065
226.903226	646.806452	197.032258	330.096774	535.483871	220.645161	108.741935
237.096774	682.612903	183.290323	336.354839	562.677419	199.193548	97.580645
239.774194	673.16129	158.096774	351.032258	575.967742	188.225806	86.451613
247.16129	681.419355	147.064516	346	582	172.290323	79.709677
242.258065	666.290323	118.709677	334.322581	554.064516	139.903226	64.806452
236.387097	645.935484	109.645161	322.580645	525	129.580645	57.774194
224.709677	606.290323	101.870968	311.870968	492.967742	114.645161	51.322581
214.709677	590.096774	90.193548	288.322581	462.419355	102.451613	45.967742
189.290323	526.16129	79.290323	248.419355	408.516129	84.258065	38.677419
171.483871	490.677419	72.290323	232.741935	365.483871	76	33.870968
161.064516	455.290323	66.258065	213.419355	324.580645	70.193548	30.83871
145.967742	418.387097	62.709677	193.677419	301.322581	65.903226	26.83871
65.580645	150.096774	397.548387	55.645161	96.483871	269.096774	210.258065
70.193548	183.290323	408.645161	57.354839	107.645161	297.548387	226.451613
78.548387	205.419355	386.225806	62.354839	113.645161	330.83871	273.032258
86.387097	209.225806	488.548387	67.419355	118.580645	354.580645	295.935484
103.774194	247.129032	512.677419	81.774194	141.903226	361	313.806452
112.580645	276.709677	528.16129	95.580645	162.258065	380.322581	301.741935
124.354839	293.16129	524.064516	111.806452	179.677419	392.451613	305.064516
138.258065	250.387097	511.258065	121.935484	193.935484	387.870968	302.096774
165.870968	383.580645	479.677419	129.709677	229.774194	339.129032	300.677419
182.258065	406.967742	443.774194	147.741935	253.741935	340.935484	288.258065
195.322581	453.354839	417.322581	165.032258	282.064516	320.903226	266.580645
213	488.193548	384.967742	187.903226	306.774194	309.258065	242.967742
253.193548	567.83871	321.290323	197.967742	361.258065	245.483871	223.387097
273.096774	606.83871	293.451613	214.903226	392.096774	228.548387	198.290323
283.483871	641.967742	273.645161	232.419355	426.387097	209.096774	184.677419
308.16129	667.903226	241.258065	241.096774	449.451613	189.258065	162.096774
319.83871	750.935484	202.677419	255.064516	480.612903	151.225806	137.322581
326.193548	769.354839	181.967742	255.483871	493.032258	132.516129	124.451613
324.451613	759.870968	166.096774	268.774194	502.354839	131.064516	111.354839
327.903226	760.741935	156.129032	252.064516	493.258065	109.258065	104.774194
314.483871	712.483871	123.483871	241.677419	460.806452	90.935484	83.612903
305.032258	689.903226	112.774194	228.290323	429.935484	80.129032	77.645161
286.129032	655.516129	106.903226	225.870968	413.709677	78.193548	69.322581
263.516129	610.806452	94.967742	203.129032	381.774194	64.258065	59.709677
224	530.225806	81.096774	179.290323	322.129032	54.935484	48.387097
207.258065	471.903226	75.677419	170.032258	298.354839	51.677419	47.83871
190.129032	449.645161	69.903226	153.645161	278.903226	48.290323	42.16129
72.774194	138.741935	394.83871	37.032258	72.258065	212	262.354839
88.870968	194.870968	445.032258	46.645161	87.16129	259.806452	260.225806
99.903226	206.709677	431.258065	49.870968	98.580645	292.935484	330.129032
105.774194	229.483871	544.612903	55.548387	104.709677	297.709677	350.483871
112.129032	245.290323	545.870968	62.516129	115.258065	316.903226	361
139.16129	283.419355	578.935484	74.483871	134.709677	332.322581	378.419355
149.645161	312.419355	573.935484	85.290323	143.516129	329.064516	379.290323
160.967742	343.225806	561.774194	94.032258	168.516129	327.451613	368.774194
178	372.225806	542.709677	106.483871	182.483871	314.612903	360.774194
215.967742	448.354839	488	128.677419	215.419355	296.774194	343.903226
233.483871	486.967742	462.064516	140.903226	236.16129	274.354839	318.83871
260.225806	526.806452	403.451613	158.129032	258.225806	269.258065	295.387097
277.741935	586.548387	383.806452	165.870968	278.354839	237.451613	280.258065
329.774194	677.290323	313	200.580645	319.225806	208.387097	239.741935
351.967742	728.741935	277.193548	206.677419	349.677419	190.935484	217.387097
361.83871	755.870968	254.709677	219.354839	368.548387	168.677419	195.935484
377.032258	785.064516	229.870968	229.225806	383.870968	153.193548	182.516129
402	834.806452	191.387097	237.193548	404.387097	126.096774	156.129032
400.935484	839.806452	168.064516	235.032258	402.935484	114.483871	140.548387
395.032258	821	158.193548	236.580645	393.096774	100.580645	119.709677
392.16129	806.322581	147.612903	227.870968	387.16129	91.83871	113.322581
354.129032	731.612903	121.322581	215.83871	363.677419	73.83871	94.129032
340.064516	704.612903	110.580645	200.354839	340.032258	63.548387	82.83871
316.064516	656.16129	103.096774	187.612903	315.709677	58.032258	77.83871
288.193548	602.645161	92.354839	173.516129	292.903226	52.806452	70.064516
253.935484	521.322581	82.032258	148.516129	244.774194	46.548387	58.129032
238.064516	471.064516	73.354839	138.516129	220.580645	40.129032	58.419355
86.903226	140.129032	384.290323	39.387097	57.096774	227.774194	327.774194
100.806452	160.258065	345.483871	45.709677	63.548387	233.032258	349.677419
119.677419	212.548387	425.419355	54.16129	76.677419	302.387097	363.16129
127.967742	226.612903	529.322581	61.677419	82.612903	324.967742	432.83871
138.16129	243.741935	531.483871	66.903226	89.806452	338	449.580645
155.096774	262.129032	552.612903	77.258065	98.129032	337.483871	464.096774
182.741935	312.677419	565.677419	89.903226	120.322581	341.903226	467
194.193548	336.258065	550.354839	100.741935	132.290323	343.580645	465.354839
219.967742	375	523.580645	112.354839	142.580645	337.387097	462.322581
232.903226	412.935484	499.064516	123.774194	162.516129	326.032258	437.451613
281.419355	481.83871	444.032258	149	190.612903	296.967742	399.806452
314.290323	526.032258	409.16129	162.677419	207.967742	270.16129	370.225806
342.483871	558.193548	360.548387	181.064516	228.419355	264.064516	340.354839
369.774194	619.225806	337.677419	192.903226	241.419355	231.580645	321.193548
423.580645	700.193548	285.645161	218.129032	274.483871	196.193548	265.709677
459.516129	734.83871	251.612903	233.096774	287.870968	182.258065	240.483871
470.129032	772.129032	230.129032	238.516129	307.16129	161.516129	215.322581
484.612903	795.322581	207	250.387097	313.935484	143.580645	195.064516
489.387097	807.806452	166.419355	251.967742	317.193548	115	163.774194
492.741935	796.129032	150.16129	254.032258	306.483871	108.967742	152.258065
470.193548	780.774194	142.032258	240.806452	307.612903	95.548387	133.419355
465.967742	743.83871	124.419355	239.774194	297.677419	88.967742	131.83871
419.935484	668.032258	104.096774	221.451613	265.935484	70.064516	105.516129
390.774194	623.935484	93.774194	203.870968	254.290323	66.741935	92.83871
357.322581	587.258065	89.290323	191.129032	234.258065	59.032258	86.903226
338.387097	536.870968	81.580645	175.516129	208	51.354839	80.870968
286.967742	462.903226	68.290323	142.677419	179.451613	41.870968	67.580645
91.129032	134.193548	359.677419	60.258065	39.774194	294.645161	381.741935
105.16129	158.483871	385.612903	67.064516	44.903226	266.451613	407.935484
125.258065	179.580645	389.322581	74.677419	50.193548	302.741935	412.290323
141.225806	210.129032	471.419355	87	58.032258	407.741935	510.290323
163.129032	225.645161	491.193548	94.419355	61.903226	421.580645	531.258065
172.645161	242.774194	490.677419	103.516129	69.645161	436.064516	545.645161
186.870968	261.096774	490.903226	118.870968	69.645161	452.903226	555.258065
228.193548	301.290323	474.096774	146.806452	87.16129	444.129032	553
244	337.83871	456.483871	161.290323	96.903226	426.806452	536.032258
270.774194	363.677419	441.225806	175.774194	103.451613	424.645161	532.451613
290.451613	401.741935	418.548387	194.516129	119.548387	403.193548	482.935484
351.354839	468.645161	360.580645	222.967742	145.612903	364.064516	431.354839
384.580645	506.387097	335.709677	244.032258	153.322581	338.709677	398.774194
417.516129	541.806452	300.516129	266.580645	172.967742	316.709677	348.16129
455.741935	574.193548	268.741935	285.322581	192.258065	293.096774	318.483871
512.032258	656.870968	233.096774	311.096774	210.709677	237.516129	269.16129
550.322581	682.612903	207.83871	319.935484	212.709677	217.451613	249.645161
565.16129	690	182.774194	338.903226	217.612903	205.225806	231.483871
568.516129	700.774194	166.903226	344.580645	231.290323	185.16129	201.322581
579.516129	701.935484	140.129032	339.354839	227.032258	154.741935	171.064516
566.645161	687.645161	131.064516	330.16129	219.096774	139.354839	152.677419
539.741935	657.548387	115.580645	326.451613	220.903226	129.064516	143.032258
515.322581	637.612903	107.483871	308.709677	203.516129	117.709677	130.870968
449.935484	550.870968	90.870968	280.903226	184.451613	98.903226	110.903226
412.129032	505.83871	80.806452	264.16129	176.032258	86.677419	97.16129
366.387097	482.935484	71.83871	237.290323	159.806452	76.16129	92.935484
344.967742	443.258065	68.516129	219.193548	143.709677	73.225806	84.741935
91.290323	117.677419	295.225806	75.483871	31.83871	372.83871	398.096774
102.967742	141.419355	320.096774	85.16129	34.290323	319.741935	450.774194
124.903226	153.16129	289.483871	92.967742	39.354839	327.516129	442.935484
142.709677	169.258065	299.741935	101.354839	41.451613	366.225806	450.032258
169	192.322581	393.870968	120.064516	53.322581	511.290323	588.612903
177.193548	212.451613	396.129032	132.419355	61.064516	515.258065	594.193548
197.870968	226.129032	401.806452	139.419355	66.032258	532.129032	603.258065
216.032258	244.548387	397.967742	160.548387	71.83871	532.16129	621.677419
264.516129	290.419355	379.032258	193.483871	91	523.096774	596.419355
287.548387	317.129032	356.741935	208.806452	100.129032	512.483871	568.419355
312.419355	343	344.580645	233.064516	117.387097	485.032258	525.83871
336.096774	380.290323	330.129032	245.580645	128.580645	459.322581	492.258065
408.225806	434.322581	269.774194	298.096774	154	410.612903	411.387097
445.612903	463.935484	261.612903	313.612903	157.322581	374.516129	371.774194
498.580645	479.354839	227.612903	340	175.741935	353.322581	348.709677
517.129032	519.225806	212.967742	360.677419	189.16129	319.903226	304.451613
576	570.387097	174.322581	396.806452	204.935484	263.516129	256.451613
615.225806	582.193548	159.935484	413.16129	210.580645	247.451613	235.225806
620.645161	596.967742	147.677419	413.387097	218.193548	220.677419	209.064516
637.806452	587.580645	132.16129	421.741935	217.225806	202.806452	195.677419
597	585.645161	110.032258	401.354839	204.935484	165.064516	159.580645
575.935484	557.967742	96.580645	399.451613	199.774194	156.516129	148.612903
535.903226	533.612903	88.16129	381.096774	200	136.322581	137.451613
511.645161	510.225806	80.741935	357.032258	181.129032	129.387097	125.387097
419.580645	444	66.483871	316.935484	166.290323	106.741935	100.193548
392.290323	412.354839	58.419355	292.290323	149.322581	102.129032	96.677419
368.258065	378.774194	56.451613	270.903226	136.419355	90.387097	89.612903
321.580645	362.612903	54.483871	242.354839	126.225806	80.419355	82.032258
88.806452	111.83871	243.548387	98.967742	36.129032	448.677419	439.516129
130.483871	123.129032	227.483871	113.064516	41.387097	365.580645	388.935484
136.870968	132.516129	271.645161	118.612903	44.225806	397.709677	437.903226
151.225806	142.580645	311.193548	128.225806	49.709677	533.83871	545.032258
177.322581	168.709677	327.516129	151.451613	61.580645	619.741935	588.677419
193.064516	183.677419	321.419355	171.967742	67.322581	634.096774	616.612903
210	204.451613	327.096774	185.677419	76.645161	622.774194	611.16129
236.677419	216.354839	322.032258	208.483871	85.516129	624.129032	610.774194
286.741935	267.258065	293.83871	248.193548	105.16129	601.677419	562.451613
309	280.516129	276.129032	273.129032	114.870968	579.16129	511.451613
342.516129	311.290323	277	292.516129	127.83871	540.516129	494.548387
377.419355	328.774194	241.193548	323.548387	138.483871	518.032258	451.806452
443.774194	388.354839	214.903226	373.064516	160.16129	430.806452	387.064516
471.096774	397.419355	186.935484	415.580645	173.709677	413.032258	332.516129
508.129032	437.83871	180.83871	427.032258	192.096774	363.806452	309.16129
550.322581	457.935484	155.677419	458.225806	197.451613	342.193548	282.16129
591.096774	478.967742	129.806452	495.967742	216.870968	283.935484	224.612903
611.419355	480.387097	120.322581	504.225806	222.935484	254.935484	209.612903
591.741935	467.741935	105.774194	507.322581	217.677419	236.387097	180.032258
599.677419	467.935484	101.354839	501.612903	220.258065	214.290323	171.290323
537.870968	436.419355	76.806452	486.741935	206.419355	181.645161	133.677419
525.225806	430.645161	74.741935	447.612903	200.032258	160.516129	134.516129
472.870968	392.967742	67.709677	430.16129	188.645161	154.935484	113.741935
455.064516	378.741935	61.193548	391	180.548387	137.935484	112.870968
379.290323	257.935484	46.354839	352.419355	154.806452	121.903226	89.677419
348.774194	241.225806	43.354839	310.387097	141.677419	106.322581	87.451613
307.451613	221.580645	39.258065	291.225806	132.322581	98.645161	79.483871
88.096774	55.129032	192.83871	80.451613	49.612903	502.258065	360.967742
119.387097	67.322581	189.935484	124.16129	62.935484	506.580645	380.451613
132.419355	74.354839	237.612903	132.903226	67.967742	549.129032	408.129032
140.064516	81.258065	250.709677	148.032258	72.709677	673.483871	488.677419
154.83871	86.354839	255.83871	161.677419	82.193548	696.193548	511.516129
183.16129	102.83871	250.451613	190.225806	98.483871	738.032258	531.451613
197.83871	144.741935	243.129032	211.258065	110.741935	747.903226	530.387097
215.83871	161.290323	236.516129	222.451613	124.193548	725.064516	517.870968
239.806452	188.419355	242.709677	254.677419	134.516129	720.16129	517.580645
288.032258	223.225806	222.548387	301.580645	163.806452	659.258065	472.064516
309.870968	224.032258	189.741935	331.645161	180.290323	630.580645	435.258065
336.290323	248.193548	183.870968	360.032258	190.967742	578.387097	404.096774
378.903226	281.903226	183.225806	402.870968	205.483871	533.451613	381.612903
433.870968	308.967742	143.129032	468.709677	239.903226	444.419355	321.290323
452.935484	326.419355	125.064516	491.83871	261.580645	407.870968	276.096774
476.516129	337.709677	105.806452	534.483871	278.774194	373.387097	245.193548
488.483871	352.322581	95.612903	556.225806	291.16129	344.709677	224.193548
518.419355	366.483871	81.903226	583.387097	305.83871	286.096774	188.741935
530.419355	365.774194	69.451613	597.806452	303.064516	265.580645	176.225806
522.870968	362.806452	63.451613	585.935484	307.483871	231.516129	153.516129
498.741935	319.096774	55	564.709677	305.645161	216.258065	142.516129
480.064516	247.774194	46.225806	527.774194	278.83871	181.258065	120.935484
441.935484	236.064516	39.322581	495.451613	266.354839	168.354839	109.225806
401.129032	228.483871	37.967742	444.290323	254.580645	152.709677	101.903226
368.870968	216.16129	33.032258	402.290323	233.193548	140.064516	88.322581
321.451613	175.903226	24.548387	344.935484	195.225806	120.967742	78.935484
289.612903	159.225806	23.193548	327.580645	177.677419	112.258065	73.032258
81.387097	62.129032	145.83871	99.774194	61.709677	528.096774	315.096774
94.483871	71.419355	150.806452	106.903226	68.129032	574.322581	329.129032
112.967742	83.967742	191.645161	141.096774	84.258065	586.225806	359.064516
124.193548	96.193548	200.612903	155.935484	90.387097	735.193548	408.774194
129.032258	101.290323	202	163.354839	98.741935	746.387097	412.032258
139.354839	110.096774	213.516129	179.709677	107.16129	769.096774	432.645161
168.354839	136.935484	204.903226	217.83871	135.516129	782.612903	433.870968
190.870968	150.806452	201.83871	236.193548	145.967742	775.354839	443.322581
203.677419	166.483871	201.935484	263.290323	160.290323	771.548387	427.967742
218.419355	178.064516	185.741935	293.387097	173.354839	746.903226	398.935484
267.290323	214.129032	174.870968	350	207.741935	659.387097	374.935484
291	223.548387	156.967742	388.129032	232.419355	618.387097	343.612903
309.967742	247.967742	144.612903	426.935484	256.258065	571.806452	307.83871
340.451613	265.677419	133	461	274.677419	525.83871	289.83871
376.419355	307	110.677419	526.935484	317.612903	432.806452	238.258065
400.645161	331.225806	98.451613	574.741935	336.322581	397.064516	213.322581
417.419355	345.225806	90.129032	595.032258	351.387097	354.806452	191.032258
427.967742	355.129032	79.612903	614.451613	367	321.16129	183.387097
436.903226	363.806452	66.096774	621.290323	373.903226	269.709677	144.870968
434.387097	352.193548	57.677419	625.548387	361.709677	246.516129	137.709677
422.774194	342.193548	53.387097	613.709677	360.032258	224.225806	124.741935
407.806452	339.064516	45.451613	587.645161	353.129032	211.290323	112.580645
364.967742	298.774194	38.967742	515.483871	324.419355	177.419355	92.483871
336.645161	292.612903	33.387097	469.064516	301.322581	159	83.612903
312.483871	280.032258	30.709677	431.645161	284.548387	143.903226	76.645161
288.903226	261.096774	28.677419	399.258065	261.354839	131.903226	71.129032
244.774194	218.580645	21.548387	338.612903	211.451613	119.193548	60.548387
74.516129	57.387097	126.645161	106.741935	64.064516	563.129032	278.580645
87.096774	67.83871	126.806452	114.548387	72.774194	619.903226	285.967742
94.129032	73.193548	148.645161	123.516129	81.741935	658.419355	265.225806
112.290323	86.806452	174.483871	164.677419	96.322581	782.741935	370.193548
115.903226	97.096774	180	181.451613	107.258065	802.741935	373.806452
130.290323	104.16129	182.516129	190.354839	119.064516	832.451613	380.354839
139.225806	114.516129	189.032258	211.322581	129.193548	841.612903	383.451613
171.064516	141.129032	179.645161	246.387097	158.290323	846.935484	370.806452
186.032258	159.225806	176.354839	273.612903	172.548387	813.129032	367.193548
205.129032	172.419355	167.129032	303.935484	195.193548	788.419355	360.83871
224.806452	185.419355	162.83871	330.096774	204.483871	751.548387	343.322581
264.16129	223.258065	146.677419	396.709677	248.032258	636.612903	306.741935
284.129032	229.806452	133.516129	446	275.903226	602.709677	285.677419
301.419355	254.16129	123.419355	476.645161	298.645161	533.419355	255.483871
322.806452	264.290323	111.225806	531.870968	324.935484	501.677419	241.290323
353.451613	316	92.935484	585.935484	358.129032	403.774194	195.064516
365.387097	318.935484	84.419355	626.967742	372.225806	366.290323	178.967742
379.096774	323.806452	76.354839	665.032258	402.548387	346.354839	164.677419
378.548387	324.16129	64.032258	667.032258	409.741935	313.258065	147.032258
384.096774	323.451613	52.258065	663.032258	405.612903	258	123.548387
370.387097	314.354839	47.612903	647.129032	408.612903	245.612903	112.935484
351.83871	310.193548	42.903226	622.16129	391.548387	221.741935	102.419355
341.677419	307.258065	42.548387	578.870968	381.451613	202.580645	91.096774
308.064516	267.967742	32.935484	507.354839	329.096774	169.903226	78.83871
288.16129	251.258065	28.516129	464.16129	312.741935	162.387097	71.516129
265.129032	233.612903	24.419355	415.774194	278.677419	146.612903	66.580645
246.548387	218.354839	21.967742	386.516129	263.677419	140.354839	60.483871
58.870968	80.967742	169.225806	101.193548	83.258065	524.741935	209.129032
65.322581	89.548387	161.032258	108.612903	86.548387	574.096774	204.129032
72.709677	96.612903	177.129032	123.096774	107.612903	619.516129	224.129032
78	104.870968	208.129032	145	116.83871	565.645161	272.290323
91.548387	127.709677	233.548387	164.387097	136.83871	724.322581	291.741935
102.516129	138.903226	232.935484	177.096774	147.774194	750.709677	300.580645
114.548387	154.193548	232.258065	193.870968	157.387097	767.870968	302
124.935484	171.516129	235.580645	215.774194	179.193548	768.935484	297.322581
146.677419	200.709677	234.774194	258.129032	224.580645	749.451613	283.741935
158.387097	222.709677	218.967742	282.096774	238.903226	720.419355	274.129032
172.548387	246.225806	214.225806	308.806452	267.967742	684.322581	274.129032
195.709677	264.645161	206.967742	337.419355	285.967742	642.903226	259.322581
231.612903	304.83871	174.322581	419.806452	358.16129	559.16129	221.096774
238.516129	319.483871	155.645161	450.516129	384.419355	517.16129	201
251.645161	333.741935	147	482.419355	416.322581	475.870968	185.258065
268.774194	376.387097	143.064516	507.935484	448.709677	421.741935	168.322581
296.290323	405.741935	120.193548	554.16129	492.032258	353.387097	139.096774
299.129032	404.580645	104.258065	591.967742	515.806452	329.16129	129.096774
299.322581	410.580645	91.709677	602.774194	531.032258	299.677419	115.387097
301	423	88.83871	588.580645	534.709677	268.387097	105.322581
298.225806	400.064516	69.645161	574.322581	523.483871	225.032258	88.870968
286.677419	396.096774	63.258065	557.419355	500.709677	213.193548	79.451613
276.967742	382.935484	58.258065	523.096774	467.16129	190.741935	70.774194
257.516129	363.580645	53.258065	495.580645	448.612903	177.903226	61.387097
228.903226	329.483871	41.258065	414.580645	380.322581	146.870968	53.064516
214.548387	301.967742	40.612903	389.387097	340.612903	139.322581	49.129032
199.935484	280.806452	36.935484	351.354839	329.935484	129.903226	42
181.064516	266.580645	33.483871	319.064516	286.516129	118.580645	38.483871
44.741935	107.677419	188.129032	95.387097	98	483.903226	141
46.16129	124.83871	190.516129	108.516129	107.290323	459.064516	158.741935
51.580645	131	217.419355	125.419355	132.580645	491.645161	192.548387
57.83871	142.935484	274.903226	131.580645	139.387097	590.774194	203.516129
70	171.322581	299.451613	153.419355	160.387097	633.16129	218.516129
77.806452	190.806452	298.322581	166.935484	181.387097	638.903226	224.16129
86.354839	203.580645	300.903226	184.451613	192.419355	642.451613	226.806452
96.709677	223.032258	295.322581	206.193548	217.774194	643.645161	220.903226
115.322581	261.806452	276	243.806452	264.225806	591.612903	201.903226
126.774194	294.322581	270.064516	264.032258	289.677419	566.709677	187.548387
140.483871	304.741935	249.935484	289.225806	315.451613	543.548387	190.290323
151.16129	330.129032	234.258065	317.677419	348.774194	513.580645	176.935484
174.16129	385.419355	196.064516	374.193548	433.064516	443.83871	152.483871
184.516129	405.870968	185.967742	391.774194	473.225806	405.451613	132.354839
187.548387	438.129032	169.290323	403.516129	504.645161	351.419355	116.032258
197.870968	466.419355	154.322581	430.032258	544.83871	325.645161	105.709677
212.645161	491.612903	129.580645	461.419355	601.129032	271.645161	86.322581
213.322581	468.709677	122.935484	475.741935	621.806452	246.677419	78.709677
216.741935	479.83871	105.483871	481.451613	623.419355	234.870968	71.806452
209.354839	490.193548	97.193548	471.612903	619.806452	207.129032	64.354839
203.419355	466.580645	80.322581	445.612903	576.225806	173.322581	49.516129
197.967742	454.935484	75.741935	420.290323	529.322581	164.096774	48.193548
189.645161	418.83871	64.870968	400.322581	496.225806	150.451613	41
176.967742	396.322581	59.258065	375.903226	460.064516	140.870968	37.548387
153.83871	350.645161	49.032258	324	380.612903	115.935484	26.612903
139.419355	331.548387	44.612903	297.354839	345.258065	108.612903	26.451613
123.903226	304.677419	41.709677	271.612903	320.741935	99.193548	21.354839
35.677419	112.774194	273.096774	71.064516	74.290323	362.774194	119.83871
43.354839	148.16129	228.032258	85.806452	77.322581	341.516129	140.967742
48.419355	163.193548	223.967742	95.258065	123.451613	416.419355	164.387097
50.516129	179.032258	329	104.064516	143.129032	457.677419	186.032258
59.225806	190.064516	366.645161	109.16129	152.967742	486.645161	195.548387
68.483871	222.612903	371.129032	130.096774	185.516129	491.677419	199.741935
79.064516	243.064516	372.774194	145.451613	205.580645	503.580645	199.322581
88	272.612903	377.548387	157.096774	218.870968	484.741935	197
98.483871	291	368.548387	170.193548	241.387097	486.354839	197.16129
114.096774	352.741935	330.258065	206.677419	299.225806	450.451613	182.935484
129.354839	371.677419	308.16129	234.870968	327.967742	430	179.935484
139	409.483871	290.967742	247.709677	360.225806	403.419355	159.612903
154.225806	435.806452	264.064516	269.451613	394.096774	379.806452	147.193548
176.096774	509.580645	227.612903	295.193548	467.580645	312.032258	128.258065
188.451613	538.322581	207.064516	313.870968	509.870968	294.064516	114.548387
191.16129	572.774194	191.870968	326.774194	551.806452	256.645161	103.677419
198.870968	587.709677	174.774194	343.677419	583.806452	243.677419	93.16129
211.096774	621.967742	149.580645	352.548387	620.322581	196.645161	78.129032
210.870968	622.677419	129.83871	358.741935	640.645161	185.580645	66.774194
210.419355	607.516129	118.806452	354.258065	617.354839	168.806452	61.870968
204.387097	599.516129	112.774194	346	603.83871	147.354839	55.709677
194.580645	563.225806	93.870968	318.225806	546.903226	125.645161	43.548387
183.935484	525.806452	82.032258	308.096774	510.709677	117.709677	37.774194
166.935484	515.258065	80.129032	284	470.903226	106.354839	36.387097
160.129032	470.225806	70.870968	261.709677	419.935484	91.903226	33.225806
138.774194	418.516129	60.096774	223.354839	357.548387	79.387097	25.83871
125.83871	377.387097	53.16129	208.129032	310.483871	74.419355	23.419355
50.354839	92.225806	362.064516	54.322581	86.290323	271.935484	178
54.258065	115.548387	393.16129	61.096774	94.483871	280.419355	164.612903
63.032258	204.193548	311.774194	71	122.677419	353.677419	228.967742
71.645161	223.612903	373.645161	76.677419	133.870968	366.322581	237.516129
79.290323	233.903226	508.516129	83.193548	146.645161	380.645161	253.774194
79	251.451613	504.032258	92.129032	160.290323	398.193548	246.612903
108.258065	298.225806	520.322581	111.516129	188.451613	387.870968	260.193548
117.612903	327.419355	512.870968	123.129032	212.645161	382.096774	256.225806
127	351.548387	490.129032	133.193548	224.935484	385.16129	256.032258
133.806452	389.935484	466.258065	149.967742	253.967742	372	234.322581
173.677419	460.16129	417.16129	174.516129	307.419355	336.774194	230.419355
173.032258	493.064516	372.032258	191.806452	342.225806	324.709677	203.677419
192.806452	531.387097	350.612903	210.258065	360.129032	306.516129	191.16129
213.225806	582.709677	335.612903	218.064516	405.032258	277.193548	182.83871
251.064516	664.290323	270.580645	250.903226	464.83871	232.645161	158.677419
251.548387	694.741935	241.354839	262.870968	502.612903	212.419355	139.935484
270.83871	733.258065	228.064516	268.258065	518.16129	191.032258	133.032258
271.774194	738.709677	202.548387	281.225806	545.032258	178.290323	114.612903
279.322581	764.870968	170.903226	276.677419	561.193548	142.258065	94.83871
279.096774	751.548387	157.064516	282.903226	559.354839	129.903226	89.741935
274.322581	729.290323	141.645161	276	542.548387	118.354839	78.645161
262.83871	707.032258	128.870968	263.387097	517.225806	108.967742	71.451613
246.451613	644.774194	114.806452	237.354839	459.612903	87.612903	59.645161
226.258065	617.387097	102.645161	223.419355	421.290323	79.064516	53.096774
212.580645	559.032258	93.354839	211.774194	380.516129	73.645161	51.225806
198.580645	510.322581	85.580645	198	349.903226	65.419355	43.129032
164.580645	454.419355	74.741935	160.709677	305.193548	53.741935	35.064516
64.580645	152.387097	418.032258	36.193548	75.483871	194.354839	224.419355
71.290323	163.935484	456.709677	38.387097	82.064516	205.870968	225.483871
77.483871	183.83871	487.83871	42.677419	99.548387	242.548387	231.580645
90.870968	235.258065	567.83871	50.258065	114.193548	281.258065	310.677419
101.483871	248.548387	584.451613	56.419355	121.83871	283.032258	305.741935
110.032258	276.645161	604.290323	61	132.451613	288.032258	322.677419
122.612903	298.258065	615.516129	68.774194	142.548387	294.935484	323.645161
143.677419	355.419355	608.935484	85.16129	173.096774	297.16129	318.612903
158.548387	392.16129	585.451613	92.387097	188.129032	287.387097	318.064516
178.580645	419.967742	545.903226	105.354839	200.064516	279.645161	310.451613
195.290323	462.580645	509.774194	112.451613	217.677419	269.935484	299.16129
228	537.225806	440.806452	135.354839	260.741935	238.129032	267.548387
245.548387	583.354839	406.903226	149.645161	283.193548	220.322581	250.419355
265.677419	639.322581	368.580645	160.580645	310.612903	209.387097	229
285.806452	683.419355	331.483871	178.645161	334.516129	189.967742	214.16129
317.16129	773	269.645161	189.935484	378.129032	158.387097	174.225806
334.83871	801.83871	242.516129	205.129032	393.451613	146.516129	159.129032
343.225806	831.548387	221.967742	200.548387	403.806452	125.129032	141.451613
354	805.322581	198.548387	207.419355	415.225806	116.516129	135.516129
346.806452	706.516129	167.064516	205.645161	412	94.741935	111.935484
338.225806	678.935484	152.935484	205.806452	399.451613	84	100.322581
330.225806	658.741935	141.064516	199.741935	392.451613	78.419355	91.096774
316.387097	618.516129	126.290323	190.258065	367.516129	68.387097	87
280.225806	659.548387	110.483871	169.741935	318.258065	55.709677	68.903226
263.870968	615.258065	99.258065	159.16129	295.741935	50.064516	61.258065
239.322581	565.354839	93.225806	147.903226	277.741935	46.612903	56.096774
221.677419	525.258065	88.451613	133.83871	258.741935	39.870968	50.580645
74.451613	161.483871	422.354839	34.16129	60.516129	186.193548	287.677419
87.096774	172.451613	474.903226	39.064516	65.064516	199.580645	304.096774
102.451613	194.903226	532.451613	39.16129	70.516129	233.16129	280.774194
105.677419	227.83871	468.096774	45.483871	75.290323	252.612903	316.580645
121.16129	261.354839	618.83871	56.064516	92.064516	280.322581	395.903226
132.870968	285.387097	645.387097	61.516129	98.129032	286.290323	405.548387
152.580645	314.870968	643.483871	68.451613	105.16129	286.193548	417.677419
164.096774	335.387097	636.032258	78.354839	115.451613	298.129032	417.032258
198.451613	400.129032	607.193548	97.387097	140.677419	286.032258	408.290323
216.548387	432.774194	572.677419	102.129032	152.451613	271.903226	398.193548
229.612903	467.935484	527.193548	116.870968	164.129032	273.258065	375.935484
249.741935	508.451613	481.645161	124.516129	184.645161	260.387097	348.967742
314.903226	622.548387	388.516129	155.322581	225.16129	217.806452	294.774194
321.516129	647.193548	361.83871	159.193548	237.741935	206.903226	282.709677
349.677419	702.83871	326.83871	171.548387	243.83871	187.741935	261
380.580645	753.83871	299.548387	181.709677	265.129032	171.903226	239.967742
412.580645	836.806452	246.129032	198.064516	292.096774	143.225806	197.096774
431.580645	854.064516	225.129032	205.16129	300.870968	124.322581	179.483871
436.516129	879.419355	202	213.612903	299.483871	118.193548	165.516129
449.096774	888.064516	183.677419	215.322581	293.064516	105	151.096774
433.225806	848.677419	152.580645	205	295.516129	85.419355	124.83871
414.064516	823.83871	140.903226	197.806452	284.645161	75.096774	111.677419
392.935484	780.548387	127	191	271.096774	68	103.193548
352.096774	687.806452	111.129032	167.451613	242.193548	52.709677	87.83871
310.419355	587.322581	94.16129	146.580645	199.870968	47.451613	73.387097
280.16129	533.709677	86	135.258065	182.870968	40.870968	67.032258
274.193548	540.064516	85.322581	131.193548	188.322581	42.451613	67.16129
257.258065	502.870968	80.193548	125.741935	169.580645	36.580645	63.258065
105	174.322581	439.419355	54.806452	49.935484	232.451613	402.709677
120.258065	188.096774	474.064516	61.741935	50.967742	265.741935	413.548387
144.645161	221.935484	423.83871	66.935484	54.83871	316.548387	389.741935
150.709677	239.870968	539.096774	73.806452	63.677419	346.903226	516.225806
172.548387	267.709677	563.129032	87.064516	73.870968	362.258065	534.612903
185.032258	291.612903	573.483871	99.225806	83.935484	368.548387	543.290323
209.096774	322.483871	578.967742	106.612903	90.774194	375.387097	541.129032
224.193548	344.064516	560.741935	118.612903	103.16129	375.193548	530.225806
277.290323	414.967742	518.516129	145.516129	118.419355	352.612903	515.935484
301.612903	448.129032	485.16129	158.516129	132.16129	344.322581	488.096774
321.064516	483.354839	450.16129	177.258065	144.193548	329.612903	450.064516
352.483871	525.193548	408.516129	185.16129	161.193548	310.064516	414.225806
424.096774	613.225806	356.935484	212.870968	182.870968	269.709677	359.967742
459.225806	662.935484	318.83871	224.322581	190.967742	241.935484	331.548387
487.870968	694.16129	276.129032	248.096774	205.548387	227.580645	310.064516
518.709677	745.419355	257	258	216.741935	207.419355	277.774194
559.322581	776.258065	212.935484	277.83871	223.903226	172.645161	230.129032
576.129032	797.645161	192.967742	277.225806	231.387097	163.709677	212.580645
582.16129	801.290323	176.677419	282.935484	234.83871	145.129032	195.290323
574.129032	791.516129	162.290323	277.935484	234.709677	133.741935	175.16129
539.870968	739.612903	135.903226	270.290323	214.096774	109.193548	145.096774
520.258065	711.967742	124.774194	257.903226	210.064516	99.451613	133.774194
486.419355	680.096774	113.645161	246.16129	200.870968	92.032258	127.677419
453.193548	631.967742	103.451613	235.516129	181.516129	80.322581	117.193548
382.935484	540.032258	90.774194	199.516129	153.032258	68.806452	99.935484
361.677419	502.064516	82.322581	181.935484	135.935484	61.322581	92.193548
317.903226	460.193548	75.096774	168.870968	122.451613	56.096774	83.483871
105.032258	106.193548	347.677419	63.064516	31.645161	308.354839	418.483871
125.419355	170.290323	305.741935	75.741935	37.354839	280.677419	505.548387
152.193548	196.774194	305.354839	85.16129	41.290323	350.645161	466.83871
159.677419	202.451613	379.387097	88.032258	47.096774	418.677419	597.677419
180.741935	217.064516	462.225806	101.16129	51.935484	437.354839	616.677419
207.419355	249.064516	460.322581	120.032258	64.967742	453.870968	657.032258
223.870968	281.096774	485.129032	128	68.483871	448.967742	655
257	302.806452	464.580645	142.129032	74.774194	442.612903	651.322581
285.741935	321.83871	446.709677	157.741935	89.16129	439.096774	639.064516
334.225806	366.516129	403.548387	193	106.322581	409.903226	570.806452
367.032258	391.806452	372.774194	202.16129	120.129032	398.741935	534.677419
401.451613	433.387097	346.580645	227.483871	129.032258	373.677419	492.709677
440.258065	489.870968	332.064516	248.967742	132.451613	335.064516	458.645161
522.677419	545.129032	264.290323	276.580645	156.612903	300.387097	372.258065
564.935484	578.774194	244.709677	301.645161	167.16129	270.806452	333.612903
599.516129	612.741935	217.516129	319.967742	175.16129	244.225806	306.935484
631.225806	621.096774	205.677419	327.483871	188.612903	229.258065	275.548387
674.774194	640.225806	171.83871	344.032258	195.967742	193.677419	228.741935
689.225806	634.258065	152.806452	342.096774	193.516129	177.258065	208.709677
663.903226	650.677419	142.258065	340.387097	188.451613	159	189.483871
651.387097	642.225806	128.354839	330.483871	186.903226	144.129032	173.741935
595.935484	592.870968	107	308.16129	175.16129	118.83871	147.387097
546	555.709677	97.580645	297.225806	163.677419	110	133.903226
509.709677	527.064516	90	279.483871	152.193548	99.322581	125.354839
470.032258	492.064516	83.322581	255.129032	145.870968	89.967742	113.645161
397.774194	427.516129	69.806452	221.935484	121.032258	76.064516	95.483871
360.322581	396.322581	66.774194	204.193548	110.032258	69.516129	92.548387
79	109.387097	270.16129	72.129032	27.16129	392.193548	436.419355
59.774194	124.935484	262.064516	88.903226	32.83871	395.677419	481.258065
150.580645	149.741935	227.096774	104.451613	40.258065	403.677419	394.870968
164.258065	157.709677	317.870968	112.83871	43.354839	505.193548	427.677419
180.451613	175.419355	360.193548	119.129032	46.903226	541	632.870968
194.709677	186.258065	357.806452	129.483871	53.516129	545.419355	664.774194
231.83871	222.870968	348.516129	162.225806	64.387097	560.870968	675.967742
248.967742	238.774194	353.129032	174.290323	69.967742	544.774194	668.032258
276.677419	260.967742	344.290323	202.516129	78.322581	564.258065	659.548387
310.129032	274.193548	325.290323	228.935484	85.064516	543.935484	627.806452
367.290323	330.967742	286.774194	252.967742	108.451613	482.419355	540.741935
409.612903	357.677419	282.387097	281.903226	114.548387	459.387097	491.322581
446.645161	383.83871	254.419355	307.83871	124.225806	427.741935	443.967742
476.677419	403.709677	232.774194	329.258065	133.16129	392.870968	410.258065
565	462.967742	192.83871	378.677419	154.806452	325.451613	341.064516
610.516129	488.645161	174.419355	406.516129	162.483871	299.258065	311.806452
640.516129	502.548387	164.064516	421.516129	167.870968	285.612903	276.677419
666.967742	517.290323	146.096774	427.774194	177.451613	257.967742	248.967742
681.193548	523.096774	123.741935	446.032258	190.322581	217.806452	206
674.580645	516.451613	111.322581	442.709677	177.677419	201.387097	187.806452
667.451613	508.225806	101.354839	436.096774	174.612903	181.774194	171.709677
628.419355	481.645161	87.290323	422.612903	173.870968	170.580645	158.516129
548.967742	344.064516	72.645161	381.806452	161.741935	140.677419	134.290323
501.83871	334.354839	68.096774	352.935484	149.258065	124.129032	127.354839
464.032258	310.612903	62.096774	325.451613	141.83871	115.677419	115.387097
424.967742	288.258065	54.516129	298.064516	127.709677	105.064516	109.709677
359.290323	239.612903	44.774194	250.83871	107	92	90.032258
102.677419	87.064516	195.806452	73.645161	40	503.677419	417.129032
116.967742	95.064516	192	81.967742	45.580645	551.580645	452.193548
124.548387	104.967742	191.290323	118.709677	48.064516	445.096774	484.516129
162.774194	121.064516	255.064516	152.935484	58.193548	603.709677	566.225806
177.16129	129.548387	263.967742	165.548387	60.903226	708.870968	576.870968
187.774194	143.451613	266.709677	178.516129	72.322581	723.967742	602.322581
205.903226	154.516129	269.290323	193.290323	82.225806	732.677419	615.612903
242.83871	191.645161	264.903226	230.580645	97.225806	723.258065	600.677419
269.516129	204.290323	255.580645	245.612903	107.096774	706.741935	591.967742
297.129032	224.451613	250.516129	276.096774	118.83871	677.645161	563.645161
322.612903	236.677419	234.774194	301.419355	132.967742	662.419355	534.741935
381.83871	280.129032	209.709677	364.387097	159.709677	588.451613	458.16129
424.064516	311.903226	198.774194	391.483871	166	530.645161	427.709677
465.129032	322.774194	178.903226	439.451613	177.612903	507.741935	405.967742
505.806452	336.774194	161.548387	473.225806	190.129032	456.483871	366.935484
561.387097	379.322581	132.774194	522.290323	222.096774	382.645161	288.354839
584.870968	394.774194	127.709677	546.16129	230.096774	345.516129	261.774194
608.806452	414.419355	115.096774	566.483871	228.516129	313.935484	242.032258
617.387097	415.16129	101.032258	575.645161	234.290323	294.354839	222.064516
611.677419	403.451613	83.645161	588.354839	235.322581	254.741935	179.322581
590.451613	400.225806	75.483871	558.516129	229.419355	226.419355	164.806452
566.483871	392.193548	70.741935	540.677419	225.548387	208.806452	150.322581
540.612903	366.354839	60.387097	515.258065	215.580645	193.709677	142.387097
455	331.290323	48.612903	455.774194	192.096774	159.870968	120.548387
421.225806	298.935484	45.225806	413.516129	179.548387	149.225806	108.032258
398.774194	280.354839	39.225806	373.677419	169.935484	142.548387	99.870968
354.741935	253.419355	39.129032	350.580645	151.16129	126.677419	89.741935
92.935484	58.064516	139.322581	104	42.258065	553.774194	361.16129
102	65.870968	131.709677	112.548387	43.83871	600	399.129032
123.645161	72.290323	152.935484	123.967742	44.83871	655.354839	381.709677
137.290323	77.387097	179.870968	149.419355	46.322581	607.387097	378.516129
150.870968	96	191.258065	175.096774	83.774194	786.83871	492.612903
169	104	197.741935	188.645161	93.451613	812.290323	503.612903
184.129032	115.387097	197.129032	203.645161	101.451613	822.290323	514.612903
201.419355	125.709677	193.129032	231.806452	108.548387	845.83871	518.129032
243.290323	153	182.967742	280.709677	135.258065	808.580645	493.580645
263.548387	163.096774	171.645161	311.096774	148.290323	770.709677	470.645161
281.709677	183.129032	163.516129	332.322581	164.870968	740.741935	458.935484
311	193.193548	157.451613	365.225806	176.387097	694.967742	431.096774
364.967742	232.483871	134.967742	433.83871	206.193548	599.709677	373.290323
395.258065	246.322581	126.354839	482.483871	220.935484	542.709677	343.677419
429.580645	260.225806	110.709677	526	234.806452	497	311.322581
447.290323	290.387097	100.483871	544.935484	261.516129	450.870968	280
481.83871	308.483871	82.451613	627.612903	287.225806	379.16129	222.774194
487.419355	321.935484	74.354839	649.483871	303.83871	344.870968	205.677419
497.677419	315.709677	66.580645	667.032258	302.032258	313.967742	187.580645
504.612903	320.193548	61.903226	669.516129	305	289.677419	174.225806
491.483871	306.193548	48.193548	646.419355	294.193548	238.935484	145.935484
474.548387	303	42.193548	620.096774	286.16129	225.322581	134.451613
454.064516	280	37.774194	587.580645	269.290323	202.387097	124.193548
426.290323	275.129032	35.677419	547.483871	263.451613	186	109.516129
359.677419	243.419355	29.612903	458.741935	232.870968	160.225806	92.193548
332.967742	224.548387	25.354839	426.16129	214.741935	147.741935	86.16129
310.645161	211.483871	23.677419	380.677419	192.354839	138.903226	78.483871
287.677419	193.774194	21	357.290323	176.967742	132.967742	71.806452
