27
27
27
27
27
27
27
27
27
27
27
27
27
27
27
27
27
27
27
27
27
27
27
27
27
27
27
27
23.3826859
23.3826859
23.3826859
23.3826859
23.3826859
23.3826859
23.3826859
23.3826859
23.3826859
23.3826859
23.3826859
23.3826859
23.3826859
23.3826859
23.3826859
23.3826859
23.3826859
23.3826859
23.3826859
23.3826859
23.3826859
23.3826859
23.3826859
23.3826859
23.3826859
23.3826859
23.3826859
13.5
13.5
13.5
13.5
13.5
13.5
13.5
13.5
13.5
13.5
13.5
13.5
13.5
13.5
13.5
13.5
13.5
13.5
13.5
13.5
13.5
13.5
13.5
13.5
13.5
13.5
13.5
1.65395E-15
1.65395E-15
1.65395E-15
1.65395E-15
1.65395E-15
1.65395E-15
1.65395E-15
1.65395E-15
1.65395E-15
1.65395E-15
1.65395E-15
1.65395E-15
1.65395E-15
1.65395E-15
1.65395E-15
1.65395E-15
1.65395E-15
1.65395E-15
1.65395E-15
1.65395E-15
1.65395E-15
1.65395E-15
1.65395E-15
1.65395E-15
1.65395E-15
1.65395E-15
1.65395E-15
-13.5
-13.5
-13.5
-13.5
-13.5
-13.5
-13.5
-13.5
-13.5
-13.5
-13.5
-13.5
-13.5
-13.5
-13.5
-13.5
-13.5
-13.5
-13.5
-13.5
-13.5
-13.5
-13.5
-13.5
-13.5
-13.5
-13.5
-23.3826859
-23.3826859
-23.3826859
-23.3826859
-23.3826859
-23.3826859
-23.3826859
-23.3826859
-23.3826859
-23.3826859
-23.3826859
-23.3826859
-23.3826859
-23.3826859
-23.3826859
-23.3826859
-23.3826859
-23.3826859
-23.3826859
-23.3826859
-23.3826859
-23.3826859
-23.3826859
-23.3826859
-23.3826859
-23.3826859
-23.3826859
-23.3826859
-27
-27
-27
-27
-27
-27
-27
-27
-27
-27
-27
-27
-27
-27
-27
-27
-27
-27
-27
-27
-27
-27
-27
-27
-27
-27
-27
-23.3826859
-23.3826859
-23.3826859
-23.3826859
-23.3826859
-23.3826859
-23.3826859
-23.3826859
-23.3826859
-23.3826859
-23.3826859
-23.3826859
-23.3826859
-23.3826859
-23.3826859
-23.3826859
-23.3826859
-23.3826859
-23.3826859
-23.3826859
-23.3826859
-23.3826859
-23.3826859
-23.3826859
-23.3826859
-23.3826859
-23.3826859
-13.5
-13.5
-13.5
-13.5
-13.5
-13.5
-13.5
-13.5
-13.5
-13.5
-13.5
-13.5
-13.5
-13.5
-13.5
-13.5
-13.5
-13.5
-13.5
-13.5
-13.5
-13.5
-13.5
-13.5
-13.5
-13.5
-13.5
-4.96185E-15
-4.96185E-15
-4.96185E-15
-4.96185E-15
-4.96185E-15
-4.96185E-15
-4.96185E-15
-4.96185E-15
-4.96185E-15
-4.96185E-15
-4.96185E-15
-4.96185E-15
-4.96185E-15
-4.96185E-15
-4.96185E-15
-4.96185E-15
-4.96185E-15
-4.96185E-15
-4.96185E-15
-4.96185E-15
-4.96185E-15
-4.96185E-15
-4.96185E-15
-4.96185E-15
-4.96185E-15
-4.96185E-15
-4.96185E-15
13.5
13.5
13.5
13.5
13.5
13.5
13.5
13.5
13.5
13.5
13.5
13.5
13.5
13.5
13.5
13.5
13.5
13.5
13.5
13.5
13.5
13.5
13.5
13.5
13.5
13.5
13.5
13.5
23.3826859
23.3826859
23.3826859
23.3826859
23.3826859
23.3826859
23.3826859
23.3826859
23.3826859
23.3826859
23.3826859
23.3826859
23.3826859
23.3826859
23.3826859
23.3826859
23.3826859
23.3826859
23.3826859
23.3826859
23.3826859
23.3826859
23.3826859
23.3826859
23.3826859
23.3826859
23.3826859
34.77332975
34.77332975
34.77332975
34.77332975
34.77332975
34.77332975
34.77332975
34.77332975
34.77332975
34.77332975
34.77332975
34.77332975
34.77332975
34.77332975
34.77332975
34.77332975
34.77332975
34.77332975
34.77332975
34.77332975
34.77332975
34.77332975
34.77332975
34.77332975
34.77332975
34.77332975
34.77332975
25.45584412
25.45584412
25.45584412
25.45584412
25.45584412
25.45584412
25.45584412
25.45584412
25.45584412
25.45584412
25.45584412
25.45584412
25.45584412
25.45584412
25.45584412
25.45584412
25.45584412
25.45584412
25.45584412
25.45584412
25.45584412
25.45584412
25.45584412
25.45584412
25.45584412
25.45584412
25.45584412
9.317485624
9.317485624
9.317485624
9.317485624
9.317485624
9.317485624
9.317485624
9.317485624
9.317485624
9.317485624
9.317485624
9.317485624
9.317485624
9.317485624
9.317485624
9.317485624
9.317485624
9.317485624
9.317485624
9.317485624
9.317485624
9.317485624
9.317485624
9.317485624
9.317485624
9.317485624
9.317485624
-9.317485624
-9.317485624
-9.317485624
-9.317485624
-9.317485624
-9.317485624
-9.317485624
-9.317485624
-9.317485624
-9.317485624
-9.317485624
-9.317485624
-9.317485624
-9.317485624
-9.317485624
-9.317485624
-9.317485624
-9.317485624
-9.317485624
-9.317485624
-9.317485624
-9.317485624
-9.317485624
-9.317485624
-9.317485624
-9.317485624
-9.317485624
-9.317485624
-25.45584412
-25.45584412
-25.45584412
-25.45584412
-25.45584412
-25.45584412
-25.45584412
-25.45584412
-25.45584412
-25.45584412
-25.45584412
-25.45584412
-25.45584412
-25.45584412
-25.45584412
-25.45584412
-25.45584412
-25.45584412
-25.45584412
-25.45584412
-25.45584412
-25.45584412
-25.45584412
-25.45584412
-25.45584412
-25.45584412
-25.45584412
-34.77332975
-34.77332975
-34.77332975
-34.77332975
-34.77332975
-34.77332975
-34.77332975
-34.77332975
-34.77332975
-34.77332975
-34.77332975
-34.77332975
-34.77332975
-34.77332975
-34.77332975
-34.77332975
-34.77332975
-34.77332975
-34.77332975
-34.77332975
-34.77332975
-34.77332975
-34.77332975
-34.77332975
-34.77332975
-34.77332975
-34.77332975
-34.77332975
-34.77332975
-34.77332975
-34.77332975
-34.77332975
-34.77332975
-34.77332975
-34.77332975
-34.77332975
-34.77332975
-34.77332975
-34.77332975
-34.77332975
-34.77332975
-34.77332975
-34.77332975
-34.77332975
-34.77332975
-34.77332975
-34.77332975
-34.77332975
-34.77332975
-34.77332975
-34.77332975
-34.77332975
-34.77332975
-34.77332975
-25.45584412
-25.45584412
-25.45584412
-25.45584412
-25.45584412
-25.45584412
-25.45584412
-25.45584412
-25.45584412
-25.45584412
-25.45584412
-25.45584412
-25.45584412
-25.45584412
-25.45584412
-25.45584412
-25.45584412
-25.45584412
-25.45584412
-25.45584412
-25.45584412
-25.45584412
-25.45584412
-25.45584412
-25.45584412
-25.45584412
-25.45584412
-9.317485624
-9.317485624
-9.317485624
-9.317485624
-9.317485624
-9.317485624
-9.317485624
-9.317485624
-9.317485624
-9.317485624
-9.317485624
-9.317485624
-9.317485624
-9.317485624
-9.317485624
-9.317485624
-9.317485624
-9.317485624
-9.317485624
-9.317485624
-9.317485624
-9.317485624
-9.317485624
-9.317485624
-9.317485624
-9.317485624
-9.317485624
-9.317485624
9.317485624
9.317485624
9.317485624
9.317485624
9.317485624
9.317485624
9.317485624
9.317485624
9.317485624
9.317485624
9.317485624
9.317485624
9.317485624
9.317485624
9.317485624
9.317485624
9.317485624
9.317485624
9.317485624
9.317485624
9.317485624
9.317485624
9.317485624
9.317485624
9.317485624
9.317485624
9.317485624
25.45584412
25.45584412
25.45584412
25.45584412
25.45584412
25.45584412
25.45584412
25.45584412
25.45584412
25.45584412
25.45584412
25.45584412
25.45584412
25.45584412
25.45584412
25.45584412
25.45584412
25.45584412
25.45584412
25.45584412
25.45584412
25.45584412
25.45584412
25.45584412
25.45584412
25.45584412
25.45584412
34.77332975
34.77332975
34.77332975
34.77332975
34.77332975
34.77332975
34.77332975
34.77332975
34.77332975
34.77332975
34.77332975
34.77332975
34.77332975
34.77332975
34.77332975
34.77332975
34.77332975
34.77332975
34.77332975
34.77332975
34.77332975
34.77332975
34.77332975
34.77332975
34.77332975
34.77332975
34.77332975
45
45
45
45
45
45
45
45
45
45
45
45
45
45
45
45
45
45
45
45
45
45
45
45
45
45
45
38.97114317
38.97114317
38.97114317
38.97114317
38.97114317
38.97114317
38.97114317
38.97114317
38.97114317
38.97114317
38.97114317
38.97114317
38.97114317
38.97114317
38.97114317
38.97114317
38.97114317
38.97114317
38.97114317
38.97114317
38.97114317
38.97114317
38.97114317
38.97114317
38.97114317
38.97114317
38.97114317
38.97114317
22.5
22.5
22.5
22.5
22.5
22.5
22.5
22.5
22.5
22.5
22.5
22.5
22.5
22.5
22.5
22.5
22.5
22.5
22.5
22.5
22.5
22.5
22.5
22.5
22.5
22.5
22.5
2.75658E-15
2.75658E-15
2.75658E-15
2.75658E-15
2.75658E-15
2.75658E-15
2.75658E-15
2.75658E-15
2.75658E-15
2.75658E-15
2.75658E-15
2.75658E-15
2.75658E-15
2.75658E-15
2.75658E-15
2.75658E-15
2.75658E-15
2.75658E-15
2.75658E-15
2.75658E-15
2.75658E-15
2.75658E-15
2.75658E-15
2.75658E-15
2.75658E-15
2.75658E-15
2.75658E-15
-22.5
-22.5
-22.5
-22.5
-22.5
-22.5
-22.5
-22.5
-22.5
-22.5
-22.5
-22.5
-22.5
-22.5
-22.5
-22.5
-22.5
-22.5
-22.5
-22.5
-22.5
-22.5
-22.5
-22.5
-22.5
-22.5
-22.5
-38.97114317
-38.97114317
-38.97114317
-38.97114317
-38.97114317
-38.97114317
-38.97114317
-38.97114317
-38.97114317
-38.97114317
-38.97114317
-38.97114317
-38.97114317
-38.97114317
-38.97114317
-38.97114317
-38.97114317
-38.97114317
-38.97114317
-38.97114317
-38.97114317
-38.97114317
-38.97114317
-38.97114317
-38.97114317
-38.97114317
-38.97114317
-45
-45
-45
-45
-45
-45
-45
-45
-45
-45
-45
-45
-45
-45
-45
-45
-45
-45
-45
-45
-45
-45
-45
-45
-45
-45
-45
-45
-38.97114317
-38.97114317
-38.97114317
-38.97114317
-38.97114317
-38.97114317
-38.97114317
-38.97114317
-38.97114317
-38.97114317
-38.97114317
-38.97114317
-38.97114317
-38.97114317
-38.97114317
-38.97114317
-38.97114317
-38.97114317
-38.97114317
-38.97114317
-38.97114317
-38.97114317
-38.97114317
-38.97114317
-38.97114317
-38.97114317
-38.97114317
-22.5
-22.5
-22.5
-22.5
-22.5
-22.5
-22.5
-22.5
-22.5
-22.5
-22.5
-22.5
-22.5
-22.5
-22.5
-22.5
-22.5
-22.5
-22.5
-22.5
-22.5
-22.5
-22.5
-22.5
-22.5
-22.5
-22.5
-8.26975E-15
-8.26975E-15
-8.26975E-15
-8.26975E-15
-8.26975E-15
-8.26975E-15
-8.26975E-15
-8.26975E-15
-8.26975E-15
-8.26975E-15
-8.26975E-15
-8.26975E-15
-8.26975E-15
-8.26975E-15
-8.26975E-15
-8.26975E-15
-8.26975E-15
-8.26975E-15
-8.26975E-15
-8.26975E-15
-8.26975E-15
-8.26975E-15
-8.26975E-15
-8.26975E-15
-8.26975E-15
-8.26975E-15
-8.26975E-15
22.5
22.5
22.5
22.5
22.5
22.5
22.5
22.5
22.5
22.5
22.5
22.5
22.5
22.5
22.5
22.5
22.5
22.5
22.5
22.5
22.5
22.5
22.5
22.5
22.5
22.5
22.5
38.97114317
38.97114317
38.97114317
38.97114317
38.97114317
38.97114317
38.97114317
38.97114317
38.97114317
38.97114317
38.97114317
38.97114317
38.97114317
38.97114317
38.97114317
38.97114317
38.97114317
38.97114317
38.97114317
38.97114317
38.97114317
38.97114317
38.97114317
38.97114317
38.97114317
38.97114317
38.97114317
38.97114317
