68.5
98.5
128.5
158.5
188.5
218
247.5
277.5
307.5
366.5
396.5
426.5
456.5
486.5
516
546
576
605.5
665.5
694.5
724.5
754.5
784.5
814
68.5
98.5
128.5
188.5
218
247.5
277.5
307.5
337.5
366.5
396.5
426.5
486.5
516
546
576
605.5
635.5
665.5
694.5
724.5
784.5
814
68.5
98.5
128.5
158.5
188.5
218
247.5
307.5
337.5
366.5
396.5
426.5
456.5
486.5
516
546
605.5
635.5
665.5
694.5
724.5
754.5
784.5
814
68.5
128.5
158.5
188.5
218
247.5
277.5
307.5
337.5
366.5
426.5
456.5
486.5
516
546
576
605.5
635.5
665.5
724.5
754.5
784.5
814
68.5
98.5
128.5
158.5
188.5
247.5
277.5
307.5
337.5
366.5
396.5
426.5
456.5
486.5
546
576
605.5
635.5
665.5
694.5
724.5
754.5
784.5
68.5
98.5
128.5
158.5
188.5
218
247.5
277.5
307.5
366.5
396.5
426.5
456.5
486.5
516
546
576
605.5
665.5
694.5
724.5
754.5
784.5
814
68.5
98.5
128.5
188.5
218
247.5
277.5
307.5
337.5
366.5
396.5
426.5
486.5
516
546
576
605.5
635.5
665.5
694.5
724.5
784.5
814
68.5
98.5
128.5
158.5
188.5
218
247.5
307.5
337.5
366.5
396.5
426.5
456.5
486.5
516
546
605.5
635.5
665.5
694.5
724.5
754.5
784.5
814
68.5
128.5
158.5
188.5
218
247.5
277.5
307.5
337.5
366.5
426.5
456.5
486.5
516
546
576
605.5
635.5
665.5
724.5
754.5
784.5
814
68.5
98.5
128.5
158.5
188.5
247.5
277.5
307.5
337.5
366.5
396.5
426.5
456.5
486.5
546
576
605.5
635.5
665.5
694.5
724.5
754.5
784.5
