9
9
9
9
9
9
9
9
9
9
9
9
9
9
9
9
9
9
9
9
9
9
9
9
25
25
25
25
25
25
25
25
25
25
25
25
25
25
25
25
25
25
25
25
25
25
25
-13
-13
-13
-13
-13
-13
-13
-13
-13
-13
-13
-13
-13
-13
-13
-13
-13
-13
-13
-13
-13
-13
-13
-13
-28
-28
-28
-28
-28
-28
-28
-28
-28
-28
-28
-28
-28
-28
-28
-28
-28
-28
-28
-28
-28
-28
-28
36.5
36.5
36.5
36.5
36.5
36.5
36.5
36.5
36.5
36.5
36.5
36.5
36.5
36.5
36.5
36.5
36.5
36.5
36.5
36.5
36.5
36.5
36.5
52
52
52
52
52
52
52
52
52
52
52
52
52
52
52
52
52
52
52
52
52
52
52
52
17.5
17.5
17.5
17.5
17.5
17.5
17.5
17.5
17.5
17.5
17.5
17.5
17.5
17.5
17.5
17.5
17.5
17.5
17.5
17.5
17.5
17.5
17.5
-40
-40
-40
-40
-40
-40
-40
-40
-40
-40
-40
-40
-40
-40
-40
-40
-40
-40
-40
-40
-40
-40
-40
-40
-55.5
-55.5
-55.5
-55.5
-55.5
-55.5
-55.5
-55.5
-55.5
-55.5
-55.5
-55.5
-55.5
-55.5
-55.5
-55.5
-55.5
-55.5
-55.5
-55.5
-55.5
-55.5
-55.5
-20.5
-20.5
-20.5
-20.5
-20.5
-20.5
-20.5
-20.5
-20.5
-20.5
-20.5
-20.5
-20.5
-20.5
-20.5
-20.5
-20.5
-20.5
-20.5
-20.5
-20.5
-20.5
-20.5
