39.543700
35.353799
32.334899
36.165648
43.974152
40.980801
45.662877
46.030684
49.486841
54.735335
53.134066
56.780886
54.252614
53.359373
49.373622
45.123514
51.462917
44.342143
43.857801
50.674951
36.996144
38.694226
21.043186
25.921571
1.071532
-1.099902
-1.320132
-4.575040
-5.796796
-0.868852
-0.719308
13.513867
18.555619
21.131515
29.675449
34.966478
44.341110
42.829720
43.431292
38.996709
38.384860
40.413174
34.383780
34.401105
36.112622
35.231980
38.164353
27.772577
11.717785
1.929381
-2.090996
-10.006236
-19.822115
-30.285314
-31.127429
-41.486812
-50.635472
-51.670526
-45.322924
-42.250727
-44.988026
-41.734603
-38.512603
-33.553341
-27.876689
-25.793356
-25.023850
-27.031722
-23.932778
-22.100465
-17.554874
-13.078150
0.643638
0.548588
-1.105645
2.207779
-3.287171
-0.968480
-15.778708
-20.822460
-27.382019
-25.930828
-23.343441
-30.224369
-24.258985
-35.519579
-38.901974
-37.896637
-42.898162
-35.661726
-32.796666
-35.562467
-31.180822
-35.471499
-37.149248
-34.468735
-33.580604
-35.994165
-29.663158
-32.235935
-32.417870
-34.342838
-27.376094
-22.370569
-11.164035
-13.691791
-10.336547
-2.461302
-0.064332
12.201550
28.362818
33.946478
38.316468
46.112478
42.432271
52.592330
53.149065
51.064719
49.862432
50.591095
49.696141
50.365487
45.939211
46.433526
46.969124
40.565176
39.438765
31.127316
22.925426
21.548006
20.837309
21.262392
18.164675
17.226569
16.004594
19.620614
26.174880
22.674915
20.714513
16.477711
22.366564
26.411968
29.215645
31.764334
22.996596
27.016817
24.811785
20.622475
22.248123
22.104016
20.777473
16.547458
15.114782
11.605187
12.075145
12.060754
-0.209197
-2.178604
-8.702370
-11.342961
-14.023893
-16.478064
-22.643091
-21.054261
-33.682032
-28.740677
-30.488751
-29.516012
-29.686525
-35.769016
-29.603857
-30.982471
-39.544533
-44.008053
-41.796178
-40.509487
-42.516704
-43.240373
-35.700942
-39.658256
-39.018103
-35.293208
-37.702803
-31.683652
-30.879235
-32.621538
-28.636476
-34.616701
-32.271489
-36.623109
-38.381469
-37.192190
-37.350225
-38.286434
-39.872105
-35.279731
-36.928492
-39.869864
-42.879930
-41.505702
-39.666975
-45.469483
-40.454982
-29.927373
-31.196993
-19.604174
-18.625279
-22.140816
-8.881112
-8.939413
-7.013705
-5.177357
0.400145
7.521079
18.660752
25.200888
18.154895
14.920531
21.887983
23.905323
20.931940
27.545301
29.179874
29.478539
29.615860
26.253641
25.023145
26.213883
22.960655
21.030455
17.027395
5.177863
7.944454
-4.798073
-5.249626
-19.329030
-24.035343
-20.809400
-23.273600
-19.501510
-24.749912
-20.446428
-12.927287
-12.946561
-15.262112
-9.080281
-9.685653
-16.387873
-28.654304
-36.077424
-34.961717
-47.677925
-41.399183
-38.183986
-46.383497
-40.857522
-36.749687
-42.118300
-41.612365
-39.049984
-45.516643
-39.704575
-37.337012
-37.571485
-34.628034
-35.363649
-36.037202
-31.361931
-33.395798
-31.982128
-32.300164
-31.651347
-33.625675
-33.231130
-44.557248
-51.588511
-55.662671
-55.885774
-56.777533
-55.523795
-60.243799
-58.209867
-57.124320
-49.147631
-32.582287
-23.285347
-13.540070
-15.297622
-14.234300
-9.106642
-1.766097
5.107862
9.876312
11.369352
11.669319
12.259647
15.214489
15.994465
14.762233
16.720663
12.699810
9.433534
6.020877
-8.186639
-14.915311
-19.219411
-16.124549
-22.438148
-26.029546
-29.445729
-35.779363
-34.223976
-39.800280
-35.578391
-29.069355
-24.945955
-8.760434
-3.512353
-4.516820
-5.995504
-15.171104
-15.808139
-21.247617
-31.471276
-33.220715
-36.798861
-36.490836
-43.293795
-23.191713
-30.600189
-20.672682
-23.471355
-21.441234
-13.251732
-14.129303
1.247469
-1.871743
-2.631423
-5.348319
1.854985
1.893812
0.536117
-3.130323
-13.040529
-13.230330
-15.551406
-15.341196
-19.683038
-4.080637
-1.687042
3.697340
12.362405
16.444883
16.280553
15.969268
17.076776
26.085423
31.062073
29.710724
30.709436
39.276620
47.046228
52.538150
50.595166
48.160923
50.897552
48.917613
48.233995
52.220593
53.863728
52.155364
52.092658
40.504932
36.771935
33.550467
38.921648
32.021196
34.007770
19.597485
10.689804
3.585929
-1.455951
-3.783390
-8.860340
-15.380876
-13.359013
-14.351089
-14.914557
-15.154864
-10.086714
-14.211082
-14.232993
-13.917627
-14.483473
-18.986364
0.667218
-1.638575
8.191335
5.444599
2.976864
5.241531
3.068047
1.028859
1.783396
2.117853
-5.506011
-5.615555
-1.015191
-0.086392
-4.174221
-6.827457
-1.926523
3.125012
1.713362
1.152493
5.216097
3.053862
-0.635917
5.482474
9.415024
1.757688
12.139305
3.731868
7.339358
5.804379
2.278190
0.456410
-7.626878
-5.019765
5.445487
7.228104
-1.048623
-0.707540
6.882553
14.666417
17.038696
9.076875
4.800305
15.051486
5.282097
4.339104
4.550808
-7.508074
-19.563080
-17.458101
-33.103519
-41.438855
-37.758043
-50.095708
-51.452421
-41.900117
-42.690113
-43.204252
-39.488789
-41.379559
-30.607814
-26.090224
-31.443939
-34.766996
-36.029243
-37.096730
-48.192841
-57.702010
-61.403563
-61.436471
-56.107375
-43.223228
-25.376932
-21.531066
-6.703828
-10.494896
-4.201471
-3.617082
-1.025480
-5.606192
-15.365629
-11.503905
-15.433017
-26.179896
-23.235228
-29.604178
-24.737196
-30.287342
-36.465569
-23.804271
-30.559273
-31.477436
-29.254218
-31.290299
-20.543162
-26.481602
-27.483122
-22.912445
-20.937266
-4.127657
-6.962165
-0.047538
-8.766493
-2.237321
9.061652
