39.543700
35.353799
32.334899
36.165648
43.974152
40.980801
45.662877
46.030684
49.486841
54.735335
53.134066
56.780886
54.252614
53.359373
49.373622
45.123514
51.462917
44.342143
43.857801
50.674951
36.996144
38.694226
21.043186
25.921571
1.071532
-1.099902
-1.320132
-4.575040
-5.796796
-0.868852
-0.719308
13.513867
18.555619
21.131515
29.675449
34.966478
44.341110
42.829720
43.431292
38.996709
38.384860
40.413174
34.383780
34.401105
36.112622
35.231980
38.164353
27.772577
11.717785
1.929381
-2.090996
-10.006236
-19.822115
-30.285314
-31.127429
-41.486812
-50.635472
-51.670526
-45.322924
-42.250727
-44.988026
-41.734603
-38.512603
-33.553341
-27.876689
-25.793356
-25.023850
-27.031722
-23.932778
-22.100465
-17.554874
-13.078150
0.643638
0.548588
-1.105645
2.207779
-3.287171
-0.968480
-15.778708
-20.822460
-27.382019
-25.930828
-23.343441
-30.224369
-24.258985
-35.519579
-38.901974
-37.896637
-42.898162
-35.661726
-32.796666
-35.562467
-31.180822
-35.471499
-37.149248
-34.468735
-33.580604
-35.994165
-29.663158
-32.235935
-32.417870
-34.342838
-27.376094
-22.370569
-11.164035
-13.691791
-10.336547
-2.461302
-0.064332
12.201550
28.362818
33.946478
38.316468
46.112478
42.432271
52.592330
53.149065
51.064719
49.862432
50.591095
49.696141
50.365487
45.939211
46.433526
46.969124
40.565176
39.438765
31.127316
22.925426
21.548006
20.837309
21.262392
18.164675
17.226569
16.004594
19.620614
26.174880
22.674915
20.714513
16.477711
22.366564
26.411968
29.215645
31.764334
22.996596
27.016817
24.811785
20.622475
22.248123
22.104016
20.777473
16.547458
15.114782
11.605187
12.075145
12.060754
-0.209197
-2.178604
-8.702370
-11.342961
-14.023893
-16.478064
-22.643091
-21.054261
-33.682032
-28.740677
-30.488751
-29.516012
-29.686525
-35.769016
-29.603857
-30.982471
-39.544533
-44.008053
-41.796178
-40.509487
-42.516704
-43.240373
-35.700942
-39.658256
-39.018103
-35.293208
-37.702803
-31.683652
-30.879235
-32.621538
-28.636476
-34.616701
-32.271489
-36.623109
-38.381469
-37.192190
-37.350225
-38.286434
-39.872105
-35.279731
-36.928492
-39.869864
-42.879930
-41.505702
-39.666975
-45.469483
-40.454982
-29.927373
-31.196993
-19.604174
-18.625279
-22.140816
-8.881112
-8.939413
-7.013705
-5.177357
0.400145
7.521079
18.660752
25.200888
18.154895
14.920531
21.887983
23.905323
20.931940
27.545301
29.179874
29.478539
29.615860
26.253641
25.023145
26.213883
22.960655
21.030455
17.027395
5.177863
7.944454
-4.798073
-5.249626
-19.329030
-24.035343
-20.809400
-23.273600
-19.501510
-24.749912
-20.446428
-12.927287
-12.946561
-15.262112
-9.080281
-9.685653
-16.387873
-28.654304
-36.077424
-34.961717
-47.677925
-41.399183
-38.183986
-46.383497
-40.857522
-36.749687
-42.118300
-41.612365
-39.049984
-45.516643
-39.704575
-37.337012
-37.571485
-34.628034
-35.363649
-36.037202
-31.361931
-33.395798
-31.982128
-32.300164
-31.651347
-33.625675
-33.231130
-44.557248
-51.588511
-55.662671
-55.885774
-56.777533
-55.523795
-60.243799
-58.209867
-57.124320
-49.147631
-32.582287
-23.285347
-13.540070
-15.297622
-14.234300
-9.106642
-1.766097
5.107862
9.876312
11.369352
11.669319
12.259647
15.214489
15.994465
14.762233
16.720663
12.699810
9.433534
6.020877
-8.186639
-14.915311
-19.219411
-16.124549
-22.438148
-26.029546
-29.445729
-35.779363
-34.223976
-39.800280
-35.578391
-29.069355
-24.945955
-8.760434
-3.512353
-4.516820
-5.995504
-15.171104
-15.808139
-21.247617
-31.471276
-33.220715
-36.798861
-36.490836
-43.293795
-23.191713
-30.600189
-20.672682
-23.471355
-21.441234
-13.251732
-14.129303
1.247469
-1.871743
-2.631423
-5.348319
1.854985
1.893812
0.536117
-3.130323
-13.040529
-13.230330
-15.551406
-15.341196
-19.683038
-4.080637
-1.687042
3.697340
12.362405
16.444883
16.280553
15.969268
17.076776
26.085423
31.062073
29.710724
30.709436
39.276620
47.046228
52.538150
50.595166
48.160923
50.897552
48.917613
48.233995
52.220593
53.863728
52.155364
52.092658
40.504932
36.771935
33.550467
38.921648
32.021196
34.007770
19.597485
10.689804
3.585929
-1.455951
-3.783390
-8.860340
-15.380876
-13.359013
-14.351089
-14.914557
-15.154864
-10.086714
-14.211082
-14.232993
-13.917627
-14.483473
-18.986364
0.667218
-1.638575
8.191335
5.444599
2.976864
5.241531
3.068047
1.028859
1.783396
2.117853
-5.506011
-5.615555
-1.015191
-0.086392
-4.174221
-6.827457
-1.926523
3.125012
1.713362
1.152493
5.216097
3.053862
-0.635917
5.482474
9.415024
1.757688
12.139305
3.731868
7.339358
5.804379
2.278190
0.456410
-7.626878
-5.019765
5.445487
7.228104
-1.048623
-0.707540
6.882553
14.666417
17.038696
9.076875
4.800305
15.051486
5.282097
4.339104
4.550808
-7.508074
-19.563080
-17.458101
-33.103519
-41.438855
-37.758043
-50.095708
-51.452421
-41.900117
-42.690113
-43.204252
-39.488789
-41.379559
-30.607814
-26.090224
-31.443939
-34.766996
-36.029243
-37.096730
-48.192841
-57.702010
-61.403563
-61.436471
-56.107375
-43.223228
-25.376932
-21.531066
-6.703828
-10.494896
-4.201471
-3.617082
-1.025480
-5.606192
-15.365629
-11.503905
-15.433017
-26.179896
-23.235228
-29.604178
-24.737196
-30.287342
-36.465569
-23.804271
-30.559273
-31.477436
-29.254218
-31.290299
-20.543162
-26.481602
-27.483122
-22.912445
-20.937266
-4.127657
-6.962165
-0.047538
-8.766493
-2.237321
9.061652
2.203986
17.306932
10.145430
13.168458
6.845508
15.290418
11.878856
3.461390
-8.398858
0.436699
-10.011707
-2.703807
3.825461
11.490618
19.881919
26.806282
28.284397
30.789507
22.078743
24.396447
23.277256
20.775698
21.464314
19.450785
19.072485
17.669867
18.487239
18.474973
15.826998
11.268954
8.705297
0.062781
-1.157191
8.530720
19.543986
15.829814
20.867751
17.609997
15.355009
6.811353
14.485572
10.538082
6.985356
15.658689
23.215250
18.611211
10.403595
11.723583
28.037161
26.342600
35.816832
34.555824
32.275867
35.212690
30.306173
21.416838
24.145072
35.105237
20.147100
22.297434
21.061084
22.105307
17.945757
17.305044
16.619188
16.625298
15.045292
16.315244
15.277357
14.885960
17.718270
16.160686
15.510405
15.843264
17.012746
13.711007
16.405888
16.743082
16.059716
18.042875
17.173411
15.304356
15.947631
15.915597
12.425257
13.206419
9.948253
5.276432
11.543316
-1.044461
-8.909058
-3.695730
-9.887137
-12.652183
-17.567113
-20.906497
-25.041322
-33.735769
-30.788956
-33.169178
-30.529293
-27.907397
-37.755610
-33.457204
-38.852285
-39.294912
-38.712914
-36.645216
-34.161985
-37.578698
-39.801723
-35.619191
-35.475573
-34.643297
-38.832578
-33.517347
-30.110264
-19.645647
-12.445868
-19.275876
-15.551627
-9.917792
-14.270029
-11.457640
-12.289125
-12.625724
-2.079540
-9.182820
-7.789711
-5.827339
-2.992684
-2.720143
4.064410
1.226746
-9.969609
3.522538
10.483115
10.709661
13.925907
19.062047
15.730542
12.728335
12.857722
8.884490
9.945752
11.652006
11.840153
18.999154
30.182520
36.092935
47.195514
48.991308
41.141058
41.724412
42.912292
50.660570
49.793464
48.986765
51.860862
52.143547
48.631171
46.652990
47.224317
46.982956
41.788397
38.578221
37.246667
43.665545
39.860836
47.699311
42.746224
47.561311
45.575597
44.441652
38.960015
36.094420
31.356273
27.919036
23.214768
20.436561
22.994021
26.076329
21.668691
24.819649
10.433659
1.622458
-10.484224
-8.872661
-16.042349
-17.547613
-20.023296
-20.046699
-21.200906
-20.398346
-21.098500
-21.842691
-20.431790
-18.498529
-16.644580
-15.850969
-8.151395
8.782220
17.381376
22.718346
23.475739
30.636236
22.303010
20.901274
19.071430
18.830249
14.832669
12.762305
1.017018
-1.719098
-25.522129
-37.868439
-50.407533
-54.918252
-58.076760
-59.495261
-54.140606
-46.912800
-35.692409
-30.751815
-25.650629
-23.782458
-20.726519
-19.851849
-22.050144
-21.918012
-21.180001
-22.691865
-22.857782
-22.491082
-23.099860
-22.182593
-20.144151
-8.317760
-3.331441
-1.800191
-7.730049
-11.680196
-10.242249
-12.791771
-8.143871
-10.207349
-8.552435
-1.701006
-3.376899
5.114174
8.904563
9.262235
16.013168
26.334835
25.359533
27.147916
26.958094
34.481533
36.923681
44.485454
42.343071
38.404610
32.231850
33.002585
31.031110
33.214618
30.794716
36.427686
35.938302
32.313694
31.457384
21.709225
29.634837
27.954321
28.612766
21.610801
16.076551
15.811508
14.078476
15.388326
15.395138
15.531782
17.714392
19.999043
22.764810
19.076850
19.402627
20.103215
19.445271
20.894641
24.730015
32.146223
32.002556
35.113557
40.204015
45.356035
49.522263
46.372798
47.677622
43.912320
49.903947
48.033202
47.576867
47.571362
49.158438
48.081853
48.866956
46.833163
45.642844
44.044464
47.350079
46.812677
49.344551
47.687018
40.146961
38.587847
45.049199
44.847141
50.449481
47.583740
52.290202
55.039186
53.014153
51.216091
51.612656
52.769523
58.073037
55.016021
52.577790
50.563301
50.030548
42.963007
39.107497
40.425939
33.448202
26.652861
31.581481
28.703539
24.876782
28.266958
15.046658
11.073607
15.281797
22.325931
18.305106
21.769311
23.870328
30.669057
22.606133
20.873508
12.317938
11.806640
7.566285
13.041179
10.215074
10.991824
11.678577
18.160030
5.955890
5.675554
-0.019317
2.436440
-9.402003
-19.314116
-16.781114
-7.133644
-12.862080
-13.638744
-14.976156
-0.419074
-7.295479
-1.335361
-5.687908
-9.024442
-10.131751
-2.586886
-8.734286
-13.073957
-16.413417
-19.782728
-27.141745
-26.473028
-33.218205
-31.130447
-47.413263
-45.400144
-40.862585
-41.412816
-43.035086
-40.301047
-31.880825
-25.202998
-19.181741
-9.996345
-15.128195
-11.007970
-9.788496
-4.837402
-11.021547
-2.479156
-7.318741
-3.752155
-2.672156
-6.343744
-7.903042
-5.783948
-17.122332
-23.012402
-20.916037
-19.860958
-20.974415
-15.364882
-18.469113
-5.163795
-1.075863
-0.439704
-2.892206
-3.817337
-3.831846
4.231807
1.275382
1.466215
-2.395359
-3.520426
-9.843505
-7.351153
-23.861605
-26.319089
-27.678210
-34.899225
-19.969056
-16.303661
-13.845133
-6.927118
6.310064
16.939652
25.322966
40.442018
45.909732
52.680711
53.576460
54.367388
52.997911
53.187967
52.970003
52.813581
54.058100
51.977701
49.532926
46.712870
45.337694
40.368197
42.396113
46.327485
49.672389
43.052427
48.526822
51.912858
50.874100
44.724281
40.813973
41.526950
37.498039
50.098200
37.870972
42.318230
33.554253
37.138684
23.415893
31.927661
26.997001
21.081150
18.095172
14.969812
29.657835
29.869170
33.348022
37.873490
45.369262
46.743512
49.255566
47.756951
50.140478
47.435303
48.428847
49.003066
49.913377
50.882366
44.529481
35.785098
35.999181
33.010345
34.329485
37.638757
34.869627
36.857430
33.051770
32.063150
37.117610
27.004173
31.501596
36.072960
36.774630
34.357047
34.247431
35.735069
30.007460
31.632930
40.941585
31.217299
31.169933
29.030724
22.246704
24.043108
25.450514
27.295545
27.806038
23.029872
28.295537
24.525604
24.298860
16.959613
22.461463
23.793396
22.000001
28.576412
33.054966
19.692363
19.390096
14.095812
5.390980
0.567419
-1.058673
-10.417503
-16.420843
-17.124403
-18.096873
-19.594172
-19.144137
-17.387716
-16.449790
-5.699436
-10.386370
-8.885634
-9.481840
-8.033542
-5.813583
-6.948164
-5.106930
3.591780
-1.524079
-6.324888
-12.471566
-13.693584
-16.529964
-18.417496
-19.702052
-21.449304
-19.882814
-19.462922
-24.235408
-36.245005
-47.388119
-56.613672
-58.197290
-54.375978
-53.123797
-51.844663
-47.927197
-49.865526
-47.822512
-40.571917
-30.135979
-25.995970
-31.273449
-35.892274
-47.274847
-38.327218
-40.355262
-38.650282
-51.003036
-54.965437
-54.834158
-54.415827
-51.628381
-52.722758
-53.376261
-54.342629
-52.679667
-53.593732
-50.208646
-48.160267
-55.096334
-52.986964
-57.304745
-58.596322
-55.059204
-55.739070
-50.786901
-50.123115
-42.718369
-40.870580
-50.680598
-50.209185
-47.032562
-52.084965
-42.446322
-40.106590
-30.287008
-22.564254
-13.907986
-8.725142
-5.689495
0.221069
-8.997653
-5.422569
4.269185
16.615521
15.432674
29.500399
38.985693
45.852023
47.283517
51.077895
52.008969
53.161768
51.040693
53.216668
47.778297
41.114975
45.619990
45.375510
52.663871
54.498274
50.058570
50.276443
49.114681
44.398510
33.896922
33.438056
30.157553
46.019298
39.245494
41.973508
38.577023
35.306868
36.603666
36.550959
34.867828
30.555765
29.911207
27.882546
25.438600
22.893003
23.248492
20.271583
22.299958
20.387444
19.167106
18.605329
13.558091
10.463589
17.016913
19.440504
20.781644
25.544340
23.126717
17.139011
13.178662
15.368446
13.860447
12.308189
8.265570
9.930740
9.363790
9.722880
7.280850
4.874061
5.742927
16.347377
21.580637
26.613190
39.687018
39.333932
46.675028
45.069379
34.925954
20.806082
17.278499
15.856087
16.672498
10.178701
3.203964
-0.085521
-4.062276
-17.394383
-21.535326
-15.997500
-15.786081
-2.428226
6.301520
10.204039
5.015020
1.126964
1.907721
-0.631557
3.780363
2.714694
-0.881604
-0.043229
2.942178
-2.446733
1.040710
3.658678
2.738063
1.043104
-3.675587
-1.293910
-12.173131
-6.939379
-9.654621
-9.386076
-4.976259
-9.432411
-6.813169
-13.152359
-10.317846
-6.940443
-1.517748
-0.488247
9.763952
19.300684
35.129823
44.733989
53.845044
49.933693
51.825836
47.436363
45.499180
41.621121
38.882866
38.550166
28.365634
26.821545
23.089587
26.533159
26.531867
31.101764
34.618931
39.415738
44.118860
52.650365
50.149653
45.371363
40.974766
30.544565
22.925302
-2.901616
-12.499888
-19.904567
-38.100545
-33.435126
-32.905074
-51.258718
-60.113267
-52.830770
-52.637682
-53.151543
-50.805806
-50.456728
-46.427953
-55.082707
-45.767077
-41.320599
-44.671206
-38.111871
-32.728921
-18.076133
-10.664386
-13.576248
-10.348958
-18.308335
-17.584075
-8.012257
-0.926711
1.095219
3.405259
-2.751069
2.282191
13.631567
14.716289
16.864610
5.739238
10.941430
10.746386
14.179504
14.334238
12.787475
11.060032
8.865845
12.557582
16.470611
25.513627
30.720684
34.888881
32.857821
32.394530
28.192455
34.187271
30.609714
25.414866
29.098879
19.063019
9.933417
6.969763
2.178120
-9.612954
-14.524668
-13.109009
-10.298206
-9.617816
-23.577425
-24.897527
-37.347601
-32.921115
-28.271922
-21.688389
-26.000326
-37.584137
-34.890585
-31.723540
-43.021915
-36.487724
-30.052059
-37.625631
-26.567820
-16.260659
-14.169379
1.104518
4.117784
5.334017
9.577607
-2.005875
-0.369643
-17.747431
-26.173762
-32.526604
-31.600455
-34.901076
-42.118637
-51.502469
-44.099212
-39.423187
-41.212682
-41.208735
-41.737017
-39.861440
-35.164484
-24.790559
-28.377966
-37.456607
-33.822635
-38.135480
-47.639677
-50.861976
-53.388272
-48.399337
-50.622838
-52.534909
-48.309582
-46.140919
-44.709113
-45.128077
-41.434655
-34.833839
-33.726817
-29.789039
-27.350905
-22.484702
-18.471281
-18.275244
-11.223400
-13.936699
-8.673164
-15.487002
-17.091779
-23.504315
-23.908850
-22.861429
-24.914249
-28.619666
-31.034665
-32.375226
-31.503097
-29.721791
-29.925377
-29.540797
-26.900833
-28.292348
-25.506433
-26.276537
-27.634507
-30.369730
-26.208416
-27.043082
-32.466430
-36.570903
-36.317664
-34.802274
-27.029212
-24.251853
-21.656397
-24.047026
-22.565699
-29.770278
-35.096933
-29.497029
-20.895698
-1.254831
-6.138599
-2.197542
2.303904
6.948442
9.417132
13.169475
12.754568
14.650693
14.819469
15.204038
14.355472
17.128767
17.146973
18.474033
17.228557
20.000037
24.185267
21.972440
23.008763
21.512246
22.707901
18.397651
21.747259
21.363637
27.536253
33.189016
39.189158
44.799901
40.824291
40.610058
7.737890
-0.359229
-23.890370
-30.269457
-37.186215
-37.302455
-31.974213
-21.073848
-25.369016
-31.723128
-27.335370
-10.374376
-12.560129
-4.445725
-1.393547
8.520140
8.824622
12.868958
17.427723
13.640667
12.640473
17.660130
14.453837
16.704055
18.577269
24.227448
26.011849
26.703620
27.022226
32.366668
30.536637
27.871623
33.801744
31.345879
35.513102
38.136067
40.842103
42.058512
34.242296
29.650017
31.176690
23.862968
32.474804
35.521480
20.121399
13.867006
1.236899
-1.115585
-2.773233
-12.620740
38.608239
39.543700
35.353799
32.334899
36.165648
43.974152
40.980801
45.662877
46.030684
49.486841
54.735335
53.134066
56.780886
54.252614
53.359373
49.373622
45.123514
51.462917
44.342143
43.857801
50.674951
36.996144
38.694226
21.043186
25.921571
1.071532
-1.099902
-1.320132
-4.575040
-5.796796
-0.868852
-0.719308
13.513867
18.555619
21.131515
29.675449
34.966478
44.341110
42.829720
43.431292
38.996709
38.384860
40.413174
34.383780
34.401105
36.112622
35.231980
38.164353
27.772577
11.717785
1.929381
-2.090996
-10.006236
-19.822115
-30.285314
-31.127429
-41.486812
-50.635472
-51.670526
-45.322924
-42.250727
-44.988026
-41.734603
-38.512603
-33.553341
-27.876689
-25.793356
-25.023850
-27.031722
-23.932778
-22.100465
-17.554874
-13.078150
0.643638
0.548588
-1.105645
2.207779
-3.287171
-0.968480
-15.778708
-20.822460
-27.382019
-25.930828
-23.343441
-30.224369
-24.258985
-35.519579
-38.901974
-37.896637
-42.898162
-35.661726
-32.796666
-35.562467
-31.180822
-35.471499
-37.149248
-34.468735
-33.580604
-35.994165
-29.663158
-32.235935
-32.417870
-34.342838
-27.376094
-22.370569
-11.164035
-13.691791
-10.336547
-2.461302
-0.064332
12.201550
28.362818
33.946478
38.316468
46.112478
42.432271
52.592330
53.149065
51.064719
49.862432
50.591095
49.696141
50.365487
45.939211
46.433526
46.969124
40.565176
39.438765
31.127316
22.925426
21.548006
20.837309
21.262392
18.164675
17.226569
16.004594
19.620614
26.174880
22.674915
20.714513
16.477711
22.366564
26.411968
29.215645
31.764334
22.996596
27.016817
24.811785
20.622475
22.248123
22.104016
20.777473
16.547458
15.114782
11.605187
12.075145
12.060754
-0.209197
-2.178604
-8.702370
-11.342961
-14.023893
-16.478064
-22.643091
-21.054261
-33.682032
-28.740677
-30.488751
-29.516012
-29.686525
-35.769016
-29.603857
-30.982471
-39.544533
-44.008053
-41.796178
-40.509487
-42.516704
-43.240373
-35.700942
-39.658256
-39.018103
-35.293208
-37.702803
-31.683652
-30.879235
-32.621538
-28.636476
-34.616701
-32.271489
-36.623109
-38.381469
-37.192190
-37.350225
-38.286434
-39.872105
-35.279731
-36.928492
-39.869864
-42.879930
-41.505702
-39.666975
-45.469483
-40.454982
-29.927373
-31.196993
-19.604174
-18.625279
-22.140816
-8.881112
-8.939413
-7.013705
-5.177357
0.400145
7.521079
18.660752
25.200888
18.154895
14.920531
21.887983
23.905323
20.931940
27.545301
29.179874
29.478539
29.615860
26.253641
25.023145
26.213883
22.960655
21.030455
17.027395
5.177863
7.944454
-4.798073
-5.249626
-19.329030
-24.035343
-20.809400
-23.273600
-19.501510
-24.749912
-20.446428
-12.927287
-12.946561
-15.262112
-9.080281
-9.685653
-16.387873
-28.654304
-36.077424
-34.961717
-47.677925
-41.399183
-38.183986
-46.383497
-40.857522
-36.749687
-42.118300
-41.612365
-39.049984
-45.516643
-39.704575
-37.337012
-37.571485
-34.628034
-35.363649
-36.037202
-31.361931
-33.395798
-31.982128
-32.300164
-31.651347
-33.625675
-33.231130
-44.557248
-51.588511
-55.662671
-55.885774
-56.777533
-55.523795
-60.243799
-58.209867
-57.124320
-49.147631
-32.582287
-23.285347
-13.540070
-15.297622
-14.234300
-9.106642
-1.766097
5.107862
9.876312
11.369352
11.669319
12.259647
15.214489
15.994465
14.762233
16.720663
12.699810
9.433534
6.020877
-8.186639
-14.915311
-19.219411
-16.124549
-22.438148
-26.029546
-29.445729
-35.779363
-34.223976
-39.800280
-35.578391
-29.069355
-24.945955
-8.760434
-3.512353
-4.516820
-5.995504
-15.171104
-15.808139
-21.247617
-31.471276
-33.220715
-36.798861
-36.490836
-43.293795
-23.191713
-30.600189
-20.672682
-23.471355
-21.441234
-13.251732
-14.129303
1.247469
-1.871743
-2.631423
-5.348319
1.854985
1.893812
0.536117
-3.130323
-13.040529
-13.230330
-15.551406
-15.341196
-19.683038
-4.080637
-1.687042
3.697340
12.362405
16.444883
16.280553
15.969268
17.076776
26.085423
31.062073
29.710724
30.709436
39.276620
47.046228
52.538150
50.595166
48.160923
50.897552
48.917613
48.233995
52.220593
53.863728
52.155364
52.092658
40.504932
36.771935
33.550467
38.921648
32.021196
34.007770
19.597485
10.689804
3.585929
-1.455951
-3.783390
-8.860340
-15.380876
-13.359013
-14.351089
-14.914557
-15.154864
-10.086714
-14.211082
-14.232993
-13.917627
-14.483473
-18.986364
0.667218
-1.638575
8.191335
5.444599
2.976864
5.241531
3.068047
1.028859
1.783396
2.117853
-5.506011
-5.615555
-1.015191
-0.086392
-4.174221
-6.827457
-1.926523
3.125012
1.713362
1.152493
5.216097
3.053862
-0.635917
5.482474
9.415024
1.757688
12.139305
3.731868
7.339358
5.804379
2.278190
0.456410
-7.626878
-5.019765
5.445487
7.228104
-1.048623
-0.707540
6.882553
14.666417
17.038696
9.076875
4.800305
15.051486
5.282097
4.339104
4.550808
-7.508074
-19.563080
-17.458101
-33.103519
-41.438855
-37.758043
-50.095708
-51.452421
-41.900117
-42.690113
-43.204252
-39.488789
-41.379559
-30.607814
-26.090224
-31.443939
-34.766996
-36.029243
-37.096730
-48.192841
-57.702010
-61.403563
-61.436471
-56.107375
-43.223228
-25.376932
-21.531066
-6.703828
-10.494896
-4.201471
-3.617082
-1.025480
-5.606192
-15.365629
-11.503905
-15.433017
-26.179896
-23.235228
-29.604178
-24.737196
-30.287342
-36.465569
-23.804271
-30.559273
-31.477436
-29.254218
-31.290299
-20.543162
-26.481602
-27.483122
-22.912445
-20.937266
-4.127657
-6.962165
-0.047538
-8.766493
-2.237321
9.061652
2.203986
17.306932
10.145430
13.168458
6.845508
15.290418
11.878856
3.461390
-8.398858
0.436699
-10.011707
-2.703807
3.825461
11.490618
19.881919
26.806282
28.284397
30.789507
22.078743
24.396447
23.277256
20.775698
21.464314
19.450785
19.072485
17.669867
18.487239
18.474973
15.826998
11.268954
8.705297
0.062781
-1.157191
8.530720
19.543986
15.829814
20.867751
17.609997
15.355009
6.811353
14.485572
10.538082
6.985356
15.658689
23.215250
18.611211
10.403595
11.723583
28.037161
26.342600
35.816832
34.555824
32.275867
35.212690
30.306173
21.416838
24.145072
35.105237
20.147100
22.297434
21.061084
22.105307
17.945757
17.305044
16.619188
16.625298
15.045292
16.315244
15.277357
14.885960
17.718270
16.160686
15.510405
15.843264
17.012746
13.711007
16.405888
16.743082
16.059716
18.042875
17.173411
15.304356
15.947631
15.915597
12.425257
13.206419
9.948253
5.276432
11.543316
-1.044461
-8.909058
-3.695730
-9.887137
-12.652183
-17.567113
-20.906497
-25.041322
-33.735769
-30.788956
-33.169178
-30.529293
-27.907397
-37.755610
-33.457204
-38.852285
-39.294912
-38.712914
-36.645216
-34.161985
-37.578698
-39.801723
-35.619191
-35.475573
-34.643297
-38.832578
-33.517347
-30.110264
-19.645647
-12.445868
-19.275876
-15.551627
-9.917792
-14.270029
-11.457640
-12.289125
-12.625724
-2.079540
-9.182820
-7.789711
-5.827339
-2.992684
-2.720143
4.064410
1.226746
-9.969609
3.522538
10.483115
10.709661
13.925907
19.062047
15.730542
12.728335
12.857722
8.884490
9.945752
11.652006
11.840153
18.999154
30.182520
36.092935
47.195514
48.991308
41.141058
41.724412
42.912292
50.660570
49.793464
48.986765
51.860862
52.143547
48.631171
46.652990
47.224317
46.982956
41.788397
38.578221
37.246667
43.665545
39.860836
47.699311
42.746224
47.561311
45.575597
44.441652
38.960015
36.094420
31.356273
27.919036
23.214768
20.436561
22.994021
26.076329
21.668691
24.819649
10.433659
1.622458
-10.484224
-8.872661
-16.042349
-17.547613
-20.023296
-20.046699
-21.200906
-20.398346
-21.098500
-21.842691
-20.431790
-18.498529
-16.644580
-15.850969
-8.151395
8.782220
17.381376
22.718346
23.475739
30.636236
22.303010
20.901274
19.071430
18.830249
14.832669
12.762305
1.017018
-1.719098
-25.522129
-37.868439
-50.407533
-54.918252
-58.076760
-59.495261
-54.140606
-46.912800
-35.692409
-30.751815
-25.650629
-23.782458
-20.726519
-19.851849
-22.050144
-21.918012
-21.180001
-22.691865
-22.857782
-22.491082
-23.099860
-22.182593
-20.144151
-8.317760
-3.331441
-1.800191
-7.730049
-11.680196
-10.242249
-12.791771
-8.143871
-10.207349
-8.552435
-1.701006
-3.376899
5.114174
8.904563
9.262235
16.013168
26.334835
25.359533
27.147916
26.958094
34.481533
36.923681
44.485454
42.343071
38.404610
32.231850
33.002585
31.031110
33.214618
30.794716
36.427686
35.938302
32.313694
31.457384
21.709225
29.634837
27.954321
28.612766
21.610801
16.076551
15.811508
14.078476
15.388326
15.395138
15.531782
17.714392
19.999043
22.764810
19.076850
19.402627
20.103215
19.445271
20.894641
24.730015
32.146223
32.002556
35.113557
40.204015
45.356035
49.522263
46.372798
47.677622
43.912320
49.903947
48.033202
47.576867
47.571362
49.158438
48.081853
48.866956
46.833163
45.642844
44.044464
47.350079
46.812677
49.344551
47.687018
40.146961
38.587847
45.049199
44.847141
50.449481
47.583740
52.290202
55.039186
53.014153
51.216091
51.612656
52.769523
58.073037
55.016021
52.577790
50.563301
50.030548
42.963007
39.107497
40.425939
33.448202
26.652861
31.581481
28.703539
24.876782
28.266958
15.046658
11.073607
15.281797
22.325931
18.305106
21.769311
23.870328
30.669057
22.606133
20.873508
12.317938
11.806640
7.566285
13.041179
10.215074
10.991824
11.678577
18.160030
5.955890
5.675554
-0.019317
2.436440
-9.402003
-19.314116
-16.781114
-7.133644
-12.862080
-13.638744
-14.976156
-0.419074
-7.295479
-1.335361
-5.687908
-9.024442
-10.131751
-2.586886
-8.734286
-13.073957
-16.413417
-19.782728
-27.141745
-26.473028
-33.218205
-31.130447
-47.413263
-45.400144
-40.862585
-41.412816
-43.035086
-40.301047
-31.880825
-25.202998
-19.181741
-9.996345
-15.128195
-11.007970
-9.788496
-4.837402
-11.021547
-2.479156
-7.318741
-3.752155
-2.672156
-6.343744
-7.903042
-5.783948
-17.122332
-23.012402
-20.916037
-19.860958
-20.974415
-15.364882
-18.469113
-5.163795
-1.075863
-0.439704
-2.892206
-3.817337
-3.831846
4.231807
1.275382
1.466215
-2.395359
-3.520426
-9.843505
-7.351153
-23.861605
-26.319089
-27.678210
-34.899225
-19.969056
-16.303661
-13.845133
-6.927118
6.310064
16.939652
25.322966
40.442018
45.909732
52.680711
53.576460
54.367388
52.997911
53.187967
52.970003
52.813581
54.058100
51.977701
49.532926
46.712870
45.337694
40.368197
42.396113
46.327485
49.672389
43.052427
48.526822
51.912858
50.874100
44.724281
40.813973
41.526950
37.498039
50.098200
37.870972
42.318230
33.554253
37.138684
23.415893
31.927661
26.997001
21.081150
18.095172
14.969812
29.657835
29.869170
33.348022
37.873490
45.369262
46.743512
49.255566
47.756951
50.140478
47.435303
48.428847
49.003066
49.913377
50.882366
44.529481
35.785098
35.999181
33.010345
34.329485
37.638757
34.869627
36.857430
33.051770
32.063150
37.117610
27.004173
31.501596
36.072960
36.774630
34.357047
34.247431
35.735069
30.007460
31.632930
40.941585
31.217299
31.169933
29.030724
22.246704
24.043108
25.450514
27.295545
27.806038
23.029872
28.295537
24.525604
24.298860
16.959613
22.461463
23.793396
22.000001
28.576412
33.054966
19.692363
19.390096
14.095812
5.390980
0.567419
-1.058673
-10.417503
-16.420843
-17.124403
-18.096873
-19.594172
-19.144137
-17.387716
-16.449790
-5.699436
-10.386370
-8.885634
-9.481840
-8.033542
-5.813583
-6.948164
-5.106930
3.591780
-1.524079
-6.324888
-12.471566
-13.693584
-16.529964
-18.417496
-19.702052
-21.449304
-19.882814
-19.462922
-24.235408
-36.245005
-47.388119
-56.613672
-58.197290
-54.375978
-53.123797
-51.844663
-47.927197
-49.865526
-47.822512
-40.571917
-30.135979
-25.995970
-31.273449
-35.892274
-47.274847
-38.327218
-40.355262
-38.650282
-51.003036
-54.965437
-54.834158
-54.415827
-51.628381
-52.722758
-53.376261
-54.342629
-52.679667
-53.593732
-50.208646
-48.160267
-55.096334
-52.986964
-57.304745
-58.596322
-55.059204
-55.739070
-50.786901
-50.123115
-42.718369
-40.870580
-50.680598
-50.209185
-47.032562
-52.084965
-42.446322
-40.106590
-30.287008
-22.564254
-13.907986
-8.725142
-5.689495
0.221069
-8.997653
-5.422569
4.269185
16.615521
15.432674
29.500399
38.985693
45.852023
47.283517
51.077895
52.008969
53.161768
51.040693
53.216668
47.778297
41.114975
45.619990
45.375510
52.663871
54.498274
50.058570
50.276443
49.114681
44.398510
33.896922
33.438056
30.157553
46.019298
39.245494
41.973508
38.577023
35.306868
36.603666
36.550959
34.867828
30.555765
29.911207
27.882546
25.438600
22.893003
23.248492
20.271583
22.299958
20.387444
19.167106
18.605329
13.558091
10.463589
17.016913
19.440504
20.781644
25.544340
23.126717
17.139011
13.178662
15.368446
13.860447
12.308189
8.265570
9.930740
9.363790
9.722880
7.280850
4.874061
5.742927
16.347377
21.580637
26.613190
39.687018
39.333932
46.675028
45.069379
34.925954
20.806082
17.278499
15.856087
16.672498
10.178701
3.203964
-0.085521
-4.062276
-17.394383
-21.535326
-15.997500
-15.786081
-2.428226
6.301520
10.204039
5.015020
1.126964
1.907721
-0.631557
3.780363
2.714694
-0.881604
-0.043229
2.942178
-2.446733
1.040710
3.658678
2.738063
1.043104
-3.675587
-1.293910
-12.173131
-6.939379
-9.654621
-9.386076
-4.976259
-9.432411
-6.813169
-13.152359
-10.317846
-6.940443
-1.517748
-0.488247
9.763952
19.300684
35.129823
44.733989
53.845044
49.933693
51.825836
47.436363
45.499180
41.621121
38.882866
38.550166
28.365634
26.821545
23.089587
26.533159
26.531867
31.101764
34.618931
39.415738
44.118860
52.650365
50.149653
45.371363
40.974766
30.544565
22.925302
-2.901616
-12.499888
-19.904567
-38.100545
-33.435126
-32.905074
-51.258718
-60.113267
-52.830770
-52.637682
-53.151543
-50.805806
-50.456728
-46.427953
-55.082707
-45.767077
-41.320599
-44.671206
-38.111871
-32.728921
-18.076133
-10.664386
-13.576248
-10.348958
-18.308335
-17.584075
-8.012257
-0.926711
1.095219
3.405259
-2.751069
2.282191
13.631567
14.716289
16.864610
5.739238
10.941430
10.746386
14.179504
14.334238
12.787475
11.060032
8.865845
12.557582
16.470611
25.513627
30.720684
34.888881
32.857821
32.394530
28.192455
34.187271
30.609714
25.414866
29.098879
19.063019
9.933417
6.969763
2.178120
-9.612954
-14.524668
-13.109009
-10.298206
-9.617816
-23.577425
-24.897527
-37.347601
-32.921115
-28.271922
-21.688389
-26.000326
-37.584137
-34.890585
-31.723540
-43.021915
-36.487724
-30.052059
-37.625631
-26.567820
-16.260659
-14.169379
1.104518
4.117784
5.334017
9.577607
-2.005875
-0.369643
-17.747431
-26.173762
-32.526604
-31.600455
-34.901076
-42.118637
-51.502469
-44.099212
-39.423187
-41.212682
-41.208735
-41.737017
-39.861440
-35.164484
-24.790559
-28.377966
-37.456607
-33.822635
-38.135480
-47.639677
-50.861976
-53.388272
-48.399337
-50.622838
-52.534909
-48.309582
-46.140919
-44.709113
-45.128077
-41.434655
-34.833839
-33.726817
-29.789039
-27.350905
-22.484702
-18.471281
-18.275244
-11.223400
-13.936699
-8.673164
-15.487002
-17.091779
-23.504315
-23.908850
-22.861429
-24.914249
-28.619666
-31.034665
-32.375226
-31.503097
-29.721791
-29.925377
-29.540797
-26.900833
-28.292348
-25.506433
-26.276537
-27.634507
-30.369730
-26.208416
-27.043082
-32.466430
-36.570903
-36.317664
-34.802274
-27.029212
-24.251853
-21.656397
-24.047026
-22.565699
-29.770278
-35.096933
-29.497029
-20.895698
-1.254831
-6.138599
-2.197542
2.303904
6.948442
9.417132
13.169475
12.754568
14.650693
14.819469
15.204038
14.355472
17.128767
17.146973
18.474033
17.228557
20.000037
24.185267
21.972440
23.008763
21.512246
22.707901
18.397651
21.747259
21.363637
27.536253
33.189016
39.189158
44.799901
40.824291
40.610058
7.737890
-0.359229
-23.890370
-30.269457
-37.186215
-37.302455
-31.974213
-21.073848
-25.369016
-31.723128
-27.335370
-10.374376
-12.560129
-4.445725
-1.393547
8.520140
8.824622
12.868958
17.427723
13.640667
12.640473
17.660130
14.453837
16.704055
18.577269
24.227448
26.011849
26.703620
27.022226
32.366668
30.536637
27.871623
33.801744
31.345879
35.513102
38.136067
40.842103
42.058512
34.242296
29.650017
31.176690
23.862968
32.474804
35.521480
20.121399
13.867006
1.236899
-1.115585
-2.773233
-12.620740
-10.873729
-1.446364
-6.656605
2.524290
4.745971
16.984751
16.789998
32.058677
39.101964
45.885848
54.821059
56.194428
56.781235
55.665577
55.252301
49.498680
49.715669
47.775733
41.408844
44.046290
41.478576
39.368768
36.252336
29.097997
33.578993
38.720494
41.954683
40.221191
44.977109
48.216763
48.124201
44.428214
48.296248
37.887202
34.983363
41.163196
40.810825
41.902239
28.548607
23.555369
30.184599
23.271155
28.552678
20.945614
23.553863
22.153860
25.951422
14.094716
10.219859
-4.871683
-4.757725
-8.208505
-3.373759
-0.438338
1.280319
-4.666019
-0.167027
-5.524286
0.266909
1.683614
-4.334918
-0.385815
7.354410
10.902149
8.512103
11.746519
20.343116
11.607496
15.555297
12.653440
13.571300
5.160804
8.340161
-5.292567
-6.516137
-11.422321
-7.040287
-7.872404
-3.558701
0.612986
9.684062
-4.187720
4.884393
-2.246663
-9.080362
-11.545078
-8.957487
-10.500992
-3.251717
-4.714473
-0.096736
-5.462762
-5.854198
-0.960050
-2.036850
-3.954398
-0.492894
-2.569931
-0.183116
-11.215243
-6.329276
-7.784577
-9.594274
-1.250855
-3.123661
-0.111163
-0.001801
6.178073
-4.150302
4.815359
8.267821
-9.284825
-22.132574
-17.739928
-20.527654
-18.418263
-22.764088
-20.314445
-19.304307
-13.287272
-10.976466
-2.109899
9.425391
8.652158
14.055175
13.730037
20.128332
27.699925
22.483471
24.728198
24.617764
23.710889
24.904777
24.109561
19.863082
10.494313
2.506081
-1.879168
-11.274179
-15.036433
-22.239347
-18.533564
-28.022409
-26.284927
-25.068493
-23.254016
-22.626587
-32.557463
-23.226345
-12.053689
2.379535
0.893567
4.532422
7.204630
12.675597
19.006195
11.033050
7.168774
6.659240
5.886008
11.450841
3.099075
5.535589
-2.847288
11.439810
-3.341828
-7.212890
-20.933461
-22.463841
-25.443685
-27.729863
-18.397233
-7.763654
-14.957925
-23.958399
-8.625862
-0.429716
-7.668709
-17.756170
-18.915187
-28.986430
-35.665830
-31.752197
-40.024184
-37.254116
-34.785617
-46.368548
-44.565419
-39.877505
-41.579630
-37.788859
-41.657395
-40.515784
-39.459586
-40.486120
-41.557785
-44.872015
-46.487423
-34.218126
-32.413563
-32.457884
-22.619480
-14.461710
-1.726129
11.587677
18.670892
6.728503
4.528786
-0.028327
3.621498
-6.272104
-13.267879
-0.569715
-2.999601
-5.395815
-9.030610
-6.863074
-11.201505
-15.671395
-16.186392
-15.424493
-20.563336
-20.869931
-20.497556
-18.884649
-18.817312
-17.186203
-20.588764
-16.170792
-19.973281
-19.407070
-16.667371
-15.558100
-12.426766
-15.163336
-18.158181
-19.010272
-18.843629
-21.101099
-20.677526
-20.151728
-12.944558
-7.906298
-1.104445
2.604107
0.272096
6.488915
-6.948666
-14.046489
-15.524099
-16.758109
-17.772895
-18.391858
-14.235026
-8.954639
-8.301616
-4.325257
-6.953449
5.700799
-0.335736
12.428181
13.512637
10.199772
-3.175373
-2.019097
-11.680225
-13.616293
-9.733415
-15.152186
-17.398280
-12.079951
-2.114116
-5.712328
-4.304779
0.833972
-9.908014
-14.553735
-16.955067
-16.923869
-20.732893
-23.332895
-29.718865
-39.570452
-48.347779
-39.509353
-22.494563
-17.214759
-12.568106
-9.016321
-11.312803
-21.252408
-30.609410
-37.220368
-36.606448
-38.331010
-32.559292
-28.895882
-26.257025
-26.658951
-21.749088
-23.900827
-19.715562
-15.006489
-16.156256
-11.226464
-7.681744
-16.439747
-8.525367
0.770753
3.126279
-2.443541
3.446395
0.217101
2.905430
-0.109294
7.736321
8.662904
16.019341
29.684708
40.186367
47.668080
51.117075
50.950675
54.681716
52.605262
52.429053
54.398372
52.807070
46.317013
49.810620
50.550814
43.421664
32.730049
32.516715
32.172095
34.745240
42.715689
33.631256
27.197886
23.264307
20.120098
19.632646
19.619041
20.682257
18.683923
14.949178
14.886695
13.312178
12.352510
13.887440
13.404966
12.748535
12.642276
13.927721
13.568624
13.250192
13.933100
11.624116
14.452003
11.327158
10.336458
5.275065
6.110510
-4.943399
-16.356005
-13.863887
-11.936944
-12.899549
-17.776098
-18.287810
-19.189602
-19.165129
-16.202113
-20.448127
-20.477292
-20.644113
-21.363300
-20.805356
-20.538505
-18.508798
-19.826093
-18.077579
-21.000298
-19.965185
-21.816929
-23.201800
-22.321757
-29.677293
-39.548307
-41.963529
-30.293487
-33.789193
-36.819712
-45.409843
-45.197597
-48.586081
-54.589407
-53.618275
-56.818889
-57.166545
-56.179963
-51.203438
-54.830931
-54.713668
-55.165493
-51.822473
-52.764713
-51.753224
-54.765718
-50.704135
-46.117126
-49.844637
-47.397590
-41.036821
-29.007041
-22.930922
-22.658272
-15.291825
-13.260208
-8.655832
7.204049
18.221916
15.565268
13.441646
8.827264
-1.581222
0.951432
0.213842
2.003082
9.440955
6.022719
14.844720
17.213015
15.829505
15.832214
19.522731
20.576852
19.777309
19.138833
20.099358
20.162111
23.931444
25.919008
32.448411
34.288263
45.290492
45.426759
44.324128
26.298640
31.984351
28.844860
28.618508
25.815053
22.233821
22.603629
22.345492
19.951875
17.717889
16.732990
16.870013
16.513303
18.015528
13.141392
19.715773
22.575088
25.051136
11.139231
27.432629
31.513501
23.054788
34.848388
33.883380
35.846991
27.550422
20.409458
24.997761
15.143061
15.826980
20.844880
9.680614
-4.323958
-14.813305
-18.473699
-15.503286
-15.658797
-20.101296
-24.496287
-25.025541
-23.515546
-25.178988
-20.151872
-19.277551
-19.283071
-19.798427
-19.724280
-19.904118
-20.641378
-20.219466
-20.035475
-18.361331
38.608239
39.543700
35.353799
32.334899
36.165648
43.974152
40.980801
45.662877
46.030684
49.486841
54.735335
53.134066
56.780886
54.252614
53.359373
49.373622
45.123514
51.462917
44.342143
43.857801
50.674951
36.996144
38.694226
21.043186
25.921571
1.071532
-1.099902
-1.320132
-4.575040
-5.796796
-0.868852
-0.719308
13.513867
18.555619
21.131515
29.675449
34.966478
44.341110
42.829720
43.431292
38.996709
38.384860
40.413174
34.383780
34.401105
36.112622
35.231980
38.164353
27.772577
11.717785
1.929381
-2.090996
-10.006236
-19.822115
-30.285314
-31.127429
-41.486812
-50.635472
-51.670526
-45.322924
-42.250727
-44.988026
-41.734603
-38.512603
-33.553341
-27.876689
-25.793356
-25.023850
-27.031722
-23.932778
-22.100465
-17.554874
-13.078150
0.643638
0.548588
-1.105645
2.207779
-3.287171
-0.968480
-15.778708
-20.822460
-27.382019
-25.930828
-23.343441
-30.224369
-24.258985
-35.519579
-38.901974
-37.896637
-42.898162
-35.661726
-32.796666
-35.562467
-31.180822
-35.471499
-37.149248
-34.468735
-33.580604
-35.994165
-29.663158
-32.235935
-32.417870
-34.342838
-27.376094
-22.370569
-11.164035
-13.691791
-10.336547
-2.461302
-0.064332
12.201550
28.362818
33.946478
38.316468
46.112478
42.432271
52.592330
53.149065
51.064719
49.862432
50.591095
49.696141
50.365487
45.939211
46.433526
46.969124
40.565176
39.438765
31.127316
22.925426
21.548006
20.837309
21.262392
18.164675
17.226569
16.004594
19.620614
26.174880
22.674915
20.714513
16.477711
22.366564
26.411968
29.215645
31.764334
22.996596
27.016817
24.811785
20.622475
22.248123
22.104016
20.777473
16.547458
15.114782
11.605187
12.075145
12.060754
-0.209197
-2.178604
-8.702370
-11.342961
-14.023893
-16.478064
-22.643091
-21.054261
-33.682032
-28.740677
-30.488751
-29.516012
-29.686525
-35.769016
-29.603857
-30.982471
-39.544533
-44.008053
-41.796178
-40.509487
-42.516704
-43.240373
-35.700942
-39.658256
-39.018103
-35.293208
-37.702803
-31.683652
-30.879235
-32.621538
-28.636476
-34.616701
-32.271489
-36.623109
-38.381469
-37.192190
-37.350225
-38.286434
-39.872105
-35.279731
-36.928492
-39.869864
-42.879930
-41.505702
-39.666975
-45.469483
-40.454982
-29.927373
-31.196993
-19.604174
-18.625279
-22.140816
-8.881112
-8.939413
-7.013705
-5.177357
0.400145
7.521079
18.660752
25.200888
18.154895
14.920531
21.887983
23.905323
20.931940
27.545301
29.179874
29.478539
29.615860
26.253641
25.023145
26.213883
22.960655
21.030455
17.027395
5.177863
7.944454
-4.798073
-5.249626
-19.329030
-24.035343
-20.809400
-23.273600
-19.501510
-24.749912
-20.446428
-12.927287
-12.946561
-15.262112
-9.080281
-9.685653
-16.387873
-28.654304
-36.077424
-34.961717
-47.677925
-41.399183
-38.183986
-46.383497
-40.857522
-36.749687
-42.118300
-41.612365
-39.049984
-45.516643
-39.704575
-37.337012
-37.571485
-34.628034
-35.363649
-36.037202
-31.361931
-33.395798
-31.982128
-32.300164
-31.651347
-33.625675
-33.231130
-44.557248
-51.588511
-55.662671
-55.885774
-56.777533
-55.523795
-60.243799
-58.209867
-57.124320
-49.147631
-32.582287
-23.285347
-13.540070
-15.297622
-14.234300
-9.106642
-1.766097
5.107862
9.876312
11.369352
11.669319
12.259647
15.214489
15.994465
14.762233
16.720663
12.699810
9.433534
6.020877
-8.186639
-14.915311
-19.219411
-16.124549
-22.438148
-26.029546
-29.445729
-35.779363
-34.223976
-39.800280
-35.578391
-29.069355
-24.945955
-8.760434
-3.512353
-4.516820
-5.995504
-15.171104
-15.808139
-21.247617
-31.471276
-33.220715
-36.798861
-36.490836
-43.293795
-23.191713
-30.600189
-20.672682
-23.471355
-21.441234
-13.251732
-14.129303
1.247469
-1.871743
-2.631423
-5.348319
1.854985
1.893812
0.536117
-3.130323
-13.040529
-13.230330
-15.551406
-15.341196
-19.683038
-4.080637
-1.687042
3.697340
12.362405
16.444883
16.280553
15.969268
17.076776
26.085423
31.062073
29.710724
30.709436
39.276620
47.046228
52.538150
50.595166
48.160923
50.897552
48.917613
48.233995
52.220593
53.863728
52.155364
52.092658
40.504932
36.771935
33.550467
38.921648
32.021196
34.007770
19.597485
10.689804
3.585929
-1.455951
-3.783390
-8.860340
-15.380876
-13.359013
-14.351089
-14.914557
-15.154864
-10.086714
-14.211082
-14.232993
-13.917627
-14.483473
-18.986364
0.667218
-1.638575
8.191335
5.444599
2.976864
5.241531
3.068047
1.028859
1.783396
2.117853
-5.506011
-5.615555
-1.015191
-0.086392
-4.174221
-6.827457
-1.926523
3.125012
1.713362
1.152493
5.216097
3.053862
-0.635917
5.482474
9.415024
1.757688
12.139305
3.731868
7.339358
5.804379
2.278190
0.456410
-7.626878
-5.019765
5.445487
7.228104
-1.048623
-0.707540
6.882553
14.666417
17.038696
9.076875
4.800305
15.051486
5.282097
4.339104
4.550808
-7.508074
-19.563080
-17.458101
-33.103519
-41.438855
-37.758043
-50.095708
-51.452421
-41.900117
-42.690113
-43.204252
-39.488789
-41.379559
-30.607814
-26.090224
-31.443939
-34.766996
-36.029243
-37.096730
-48.192841
-57.702010
-61.403563
-61.436471
-56.107375
-43.223228
-25.376932
-21.531066
-6.703828
-10.494896
-4.201471
-3.617082
-1.025480
-5.606192
-15.365629
-11.503905
-15.433017
-26.179896
-23.235228
-29.604178
-24.737196
-30.287342
-36.465569
-23.804271
-30.559273
-31.477436
-29.254218
-31.290299
-20.543162
-26.481602
-27.483122
-22.912445
-20.937266
-4.127657
-6.962165
-0.047538
-8.766493
-2.237321
9.061652
2.203986
17.306932
10.145430
13.168458
6.845508
15.290418
11.878856
3.461390
-8.398858
0.436699
-10.011707
-2.703807
3.825461
11.490618
19.881919
26.806282
28.284397
30.789507
22.078743
24.396447
23.277256
20.775698
21.464314
19.450785
19.072485
17.669867
18.487239
18.474973
15.826998
11.268954
8.705297
0.062781
-1.157191
8.530720
19.543986
15.829814
20.867751
17.609997
15.355009
6.811353
14.485572
10.538082
6.985356
15.658689
23.215250
18.611211
10.403595
11.723583
28.037161
26.342600
35.816832
34.555824
32.275867
35.212690
30.306173
21.416838
24.145072
35.105237
20.147100
22.297434
21.061084
22.105307
17.945757
17.305044
16.619188
16.625298
15.045292
16.315244
15.277357
14.885960
17.718270
16.160686
15.510405
15.843264
17.012746
13.711007
16.405888
16.743082
16.059716
18.042875
17.173411
15.304356
15.947631
15.915597
12.425257
13.206419
9.948253
5.276432
11.543316
-1.044461
-8.909058
-3.695730
-9.887137
-12.652183
-17.567113
-20.906497
-25.041322
-33.735769
-30.788956
-33.169178
-30.529293
-27.907397
-37.755610
-33.457204
-38.852285
-39.294912
-38.712914
-36.645216
-34.161985
-37.578698
-39.801723
-35.619191
-35.475573
-34.643297
-38.832578
-33.517347
-30.110264
-19.645647
-12.445868
-19.275876
-15.551627
-9.917792
-14.270029
-11.457640
-12.289125
-12.625724
-2.079540
-9.182820
-7.789711
-5.827339
-2.992684
-2.720143
4.064410
1.226746
-9.969609
3.522538
10.483115
10.709661
13.925907
19.062047
15.730542
12.728335
12.857722
8.884490
9.945752
11.652006
11.840153
18.999154
30.182520
36.092935
47.195514
48.991308
41.141058
41.724412
42.912292
50.660570
49.793464
48.986765
51.860862
52.143547
48.631171
46.652990
47.224317
46.982956
41.788397
38.578221
37.246667
43.665545
39.860836
47.699311
42.746224
47.561311
45.575597
44.441652
38.960015
36.094420
31.356273
27.919036
23.214768
20.436561
22.994021
26.076329
21.668691
24.819649
10.433659
1.622458
-10.484224
-8.872661
-16.042349
-17.547613
-20.023296
-20.046699
-21.200906
-20.398346
-21.098500
-21.842691
-20.431790
-18.498529
-16.644580
-15.850969
-8.151395
8.782220
17.381376
22.718346
23.475739
30.636236
22.303010
20.901274
19.071430
18.830249
14.832669
12.762305
1.017018
-1.719098
-25.522129
-37.868439
-50.407533
-54.918252
-58.076760
-59.495261
-54.140606
-46.912800
-35.692409
-30.751815
-25.650629
-23.782458
-20.726519
-19.851849
-22.050144
-21.918012
-21.180001
-22.691865
-22.857782
-22.491082
-23.099860
-22.182593
-20.144151
-8.317760
-3.331441
-1.800191
-7.730049
-11.680196
-10.242249
-12.791771
-8.143871
-10.207349
-8.552435
-1.701006
-3.376899
5.114174
8.904563
9.262235
16.013168
26.334835
25.359533
27.147916
26.958094
34.481533
36.923681
44.485454
42.343071
38.404610
32.231850
33.002585
31.031110
33.214618
30.794716
36.427686
35.938302
32.313694
31.457384
21.709225
29.634837
27.954321
28.612766
21.610801
16.076551
15.811508
14.078476
15.388326
15.395138
15.531782
17.714392
19.999043
22.764810
19.076850
19.402627
20.103215
19.445271
20.894641
24.730015
32.146223
32.002556
35.113557
40.204015
45.356035
49.522263
46.372798
47.677622
43.912320
49.903947
48.033202
47.576867
47.571362
49.158438
48.081853
48.866956
46.833163
45.642844
44.044464
47.350079
46.812677
49.344551
47.687018
40.146961
38.587847
45.049199
44.847141
50.449481
47.583740
52.290202
55.039186
53.014153
51.216091
51.612656
52.769523
58.073037
55.016021
52.577790
50.563301
50.030548
42.963007
39.107497
40.425939
33.448202
26.652861
31.581481
28.703539
24.876782
28.266958
15.046658
11.073607
15.281797
22.325931
18.305106
21.769311
23.870328
30.669057
22.606133
20.873508
12.317938
11.806640
7.566285
13.041179
10.215074
10.991824
11.678577
18.160030
5.955890
5.675554
-0.019317
2.436440
-9.402003
-19.314116
-16.781114
-7.133644
-12.862080
-13.638744
-14.976156
-0.419074
-7.295479
-1.335361
-5.687908
-9.024442
-10.131751
-2.586886
-8.734286
-13.073957
-16.413417
-19.782728
-27.141745
-26.473028
-33.218205
-31.130447
-47.413263
-45.400144
-40.862585
-41.412816
-43.035086
-40.301047
-31.880825
-25.202998
-19.181741
-9.996345
-15.128195
-11.007970
-9.788496
-4.837402
-11.021547
-2.479156
-7.318741
-3.752155
-2.672156
-6.343744
-7.903042
-5.783948
-17.122332
-23.012402
-20.916037
-19.860958
-20.974415
-15.364882
-18.469113
-5.163795
-1.075863
-0.439704
-2.892206
-3.817337
-3.831846
4.231807
1.275382
1.466215
-2.395359
-3.520426
-9.843505
-7.351153
-23.861605
-26.319089
-27.678210
-34.899225
-19.969056
-16.303661
-13.845133
-6.927118
6.310064
16.939652
25.322966
40.442018
45.909732
52.680711
53.576460
54.367388
52.997911
53.187967
52.970003
52.813581
54.058100
51.977701
49.532926
46.712870
45.337694
40.368197
42.396113
46.327485
49.672389
43.052427
48.526822
51.912858
50.874100
44.724281
40.813973
41.526950
37.498039
50.098200
37.870972
42.318230
33.554253
37.138684
23.415893
31.927661
26.997001
21.081150
18.095172
14.969812
29.657835
29.869170
33.348022
37.873490
45.369262
46.743512
49.255566
47.756951
50.140478
47.435303
48.428847
49.003066
49.913377
50.882366
44.529481
35.785098
35.999181
33.010345
34.329485
37.638757
34.869627
36.857430
33.051770
32.063150
37.117610
27.004173
31.501596
36.072960
36.774630
34.357047
34.247431
35.735069
30.007460
31.632930
40.941585
31.217299
31.169933
29.030724
22.246704
24.043108
25.450514
27.295545
27.806038
23.029872
28.295537
24.525604
24.298860
16.959613
22.461463
23.793396
22.000001
28.576412
33.054966
19.692363
19.390096
14.095812
5.390980
0.567419
-1.058673
-10.417503
-16.420843
-17.124403
-18.096873
-19.594172
-19.144137
-17.387716
-16.449790
-5.699436
-10.386370
-8.885634
-9.481840
-8.033542
-5.813583
-6.948164
-5.106930
3.591780
-1.524079
-6.324888
-12.471566
-13.693584
-16.529964
-18.417496
-19.702052
-21.449304
-19.882814
-19.462922
-24.235408
-36.245005
-47.388119
-56.613672
-58.197290
-54.375978
-53.123797
-51.844663
-47.927197
-49.865526
-47.822512
-40.571917
-30.135979
-25.995970
-31.273449
-35.892274
-47.274847
-38.327218
-40.355262
-38.650282
-51.003036
-54.965437
-54.834158
-54.415827
-51.628381
-52.722758
-53.376261
-54.342629
-52.679667
-53.593732
-50.208646
-48.160267
-55.096334
-52.986964
-57.304745
-58.596322
-55.059204
-55.739070
-50.786901
-50.123115
-42.718369
-40.870580
-50.680598
-50.209185
-47.032562
-52.084965
-42.446322
-40.106590
-30.287008
-22.564254
-13.907986
-8.725142
-5.689495
0.221069
-8.997653
-5.422569
4.269185
16.615521
15.432674
29.500399
38.985693
45.852023
47.283517
51.077895
52.008969
53.161768
51.040693
53.216668
47.778297
41.114975
45.619990
45.375510
52.663871
54.498274
50.058570
50.276443
49.114681
44.398510
33.896922
33.438056
30.157553
46.019298
39.245494
41.973508
38.577023
35.306868
36.603666
36.550959
34.867828
30.555765
29.911207
27.882546
25.438600
22.893003
23.248492
20.271583
22.299958
20.387444
19.167106
18.605329
13.558091
10.463589
17.016913
19.440504
20.781644
25.544340
23.126717
17.139011
13.178662
15.368446
13.860447
12.308189
8.265570
9.930740
9.363790
9.722880
7.280850
4.874061
5.742927
16.347377
21.580637
26.613190
39.687018
39.333932
46.675028
45.069379
34.925954
20.806082
17.278499
15.856087
16.672498
10.178701
3.203964
-0.085521
-4.062276
-17.394383
-21.535326
-15.997500
-15.786081
-2.428226
6.301520
10.204039
5.015020
1.126964
1.907721
-0.631557
3.780363
2.714694
-0.881604
-0.043229
2.942178
-2.446733
1.040710
3.658678
2.738063
1.043104
-3.675587
-1.293910
-12.173131
-6.939379
-9.654621
-9.386076
-4.976259
-9.432411
-6.813169
-13.152359
-10.317846
-6.940443
-1.517748
-0.488247
9.763952
19.300684
35.129823
44.733989
53.845044
49.933693
51.825836
47.436363
45.499180
41.621121
38.882866
38.550166
28.365634
26.821545
23.089587
26.533159
26.531867
31.101764
34.618931
39.415738
44.118860
52.650365
50.149653
45.371363
40.974766
30.544565
22.925302
-2.901616
-12.499888
-19.904567
-38.100545
-33.435126
-32.905074
-51.258718
-60.113267
-52.830770
-52.637682
-53.151543
-50.805806
-50.456728
-46.427953
-55.082707
-45.767077
-41.320599
-44.671206
-38.111871
-32.728921
-18.076133
-10.664386
-13.576248
-10.348958
-18.308335
-17.584075
-8.012257
-0.926711
1.095219
3.405259
-2.751069
2.282191
13.631567
14.716289
16.864610
5.739238
10.941430
10.746386
14.179504
14.334238
12.787475
11.060032
8.865845
12.557582
16.470611
25.513627
30.720684
34.888881
32.857821
32.394530
28.192455
34.187271
30.609714
25.414866
29.098879
19.063019
9.933417
6.969763
2.178120
-9.612954
-14.524668
-13.109009
-10.298206
-9.617816
-23.577425
-24.897527
-37.347601
-32.921115
-28.271922
-21.688389
-26.000326
-37.584137
-34.890585
-31.723540
-43.021915
-36.487724
-30.052059
-37.625631
-26.567820
-16.260659
-14.169379
1.104518
4.117784
5.334017
9.577607
-2.005875
-0.369643
-17.747431
-26.173762
-32.526604
-31.600455
-34.901076
-42.118637
-51.502469
-44.099212
-39.423187
-41.212682
-41.208735
-41.737017
-39.861440
-35.164484
-24.790559
-28.377966
-37.456607
-33.822635
-38.135480
-47.639677
-50.861976
-53.388272
-48.399337
-50.622838
-52.534909
-48.309582
-46.140919
-44.709113
-45.128077
-41.434655
-34.833839
-33.726817
-29.789039
-27.350905
-22.484702
-18.471281
-18.275244
-11.223400
-13.936699
-8.673164
-15.487002
-17.091779
-23.504315
-23.908850
-22.861429
-24.914249
-28.619666
-31.034665
-32.375226
-31.503097
-29.721791
-29.925377
-29.540797
-26.900833
-28.292348
-25.506433
-26.276537
-27.634507
-30.369730
-26.208416
-27.043082
-32.466430
-36.570903
-36.317664
-34.802274
-27.029212
-24.251853
-21.656397
-24.047026
-22.565699
-29.770278
-35.096933
-29.497029
-20.895698
-1.254831
-6.138599
-2.197542
2.303904
6.948442
9.417132
13.169475
12.754568
14.650693
14.819469
15.204038
14.355472
17.128767
17.146973
18.474033
17.228557
20.000037
24.185267
21.972440
23.008763
21.512246
22.707901
18.397651
21.747259
21.363637
27.536253
33.189016
39.189158
44.799901
40.824291
40.610058
7.737890
-0.359229
-23.890370
-30.269457
-37.186215
-37.302455
-31.974213
-21.073848
-25.369016
-31.723128
-27.335370
-10.374376
-12.560129
-4.445725
-1.393547
8.520140
8.824622
12.868958
17.427723
13.640667
12.640473
17.660130
14.453837
16.704055
18.577269
24.227448
26.011849
26.703620
27.022226
32.366668
30.536637
27.871623
33.801744
31.345879
35.513102
38.136067
40.842103
42.058512
34.242296
29.650017
31.176690
23.862968
32.474804
35.521480
20.121399
13.867006
1.236899
-1.115585
-2.773233
-12.620740
-10.873729
