2.203986
17.306932
10.145430
13.168458
6.845508
15.290418
11.878856
3.461390
-8.398858
0.436699
-10.011707
-2.703807
3.825461
11.490618
19.881919
26.806282
28.284397
30.789507
22.078743
24.396447
23.277256
20.775698
21.464314
19.450785
19.072485
17.669867
18.487239
18.474973
15.826998
11.268954
8.705297
0.062781
-1.157191
8.530720
19.543986
15.829814
20.867751
17.609997
15.355009
6.811353
14.485572
10.538082
6.985356
15.658689
23.215250
18.611211
10.403595
11.723583
28.037161
26.342600
35.816832
34.555824
32.275867
35.212690
30.306173
21.416838
24.145072
35.105237
20.147100
22.297434
21.061084
22.105307
17.945757
17.305044
16.619188
16.625298
15.045292
16.315244
15.277357
14.885960
17.718270
16.160686
15.510405
15.843264
17.012746
13.711007
16.405888
16.743082
16.059716
18.042875
17.173411
15.304356
15.947631
15.915597
12.425257
13.206419
9.948253
5.276432
11.543316
-1.044461
-8.909058
-3.695730
-9.887137
-12.652183
-17.567113
-20.906497
-25.041322
-33.735769
-30.788956
-33.169178
-30.529293
-27.907397
-37.755610
-33.457204
-38.852285
-39.294912
-38.712914
-36.645216
-34.161985
-37.578698
-39.801723
-35.619191
-35.475573
-34.643297
-38.832578
-33.517347
-30.110264
-19.645647
-12.445868
-19.275876
-15.551627
-9.917792
-14.270029
-11.457640
-12.289125
-12.625724
-2.079540
-9.182820
-7.789711
-5.827339
-2.992684
-2.720143
4.064410
1.226746
-9.969609
3.522538
10.483115
10.709661
13.925907
19.062047
15.730542
12.728335
12.857722
8.884490
9.945752
11.652006
11.840153
18.999154
30.182520
36.092935
47.195514
48.991308
41.141058
41.724412
42.912292
50.660570
49.793464
48.986765
51.860862
52.143547
48.631171
46.652990
47.224317
46.982956
41.788397
38.578221
37.246667
43.665545
39.860836
47.699311
42.746224
47.561311
45.575597
44.441652
38.960015
36.094420
31.356273
27.919036
23.214768
20.436561
22.994021
26.076329
21.668691
24.819649
10.433659
1.622458
-10.484224
-8.872661
-16.042349
-17.547613
-20.023296
-20.046699
-21.200906
-20.398346
-21.098500
-21.842691
-20.431790
-18.498529
-16.644580
-15.850969
-8.151395
8.782220
17.381376
22.718346
23.475739
30.636236
22.303010
20.901274
19.071430
18.830249
14.832669
12.762305
1.017018
-1.719098
-25.522129
-37.868439
-50.407533
-54.918252
-58.076760
-59.495261
-54.140606
-46.912800
-35.692409
-30.751815
-25.650629
-23.782458
-20.726519
-19.851849
-22.050144
-21.918012
-21.180001
-22.691865
-22.857782
-22.491082
-23.099860
-22.182593
-20.144151
-8.317760
-3.331441
-1.800191
-7.730049
-11.680196
-10.242249
-12.791771
-8.143871
-10.207349
-8.552435
-1.701006
-3.376899
5.114174
8.904563
9.262235
16.013168
26.334835
25.359533
27.147916
26.958094
34.481533
36.923681
44.485454
42.343071
38.404610
32.231850
33.002585
31.031110
33.214618
30.794716
36.427686
35.938302
32.313694
31.457384
21.709225
29.634837
27.954321
28.612766
21.610801
16.076551
15.811508
14.078476
15.388326
15.395138
15.531782
17.714392
19.999043
22.764810
19.076850
19.402627
20.103215
19.445271
20.894641
24.730015
32.146223
32.002556
35.113557
40.204015
45.356035
49.522263
46.372798
47.677622
43.912320
49.903947
48.033202
47.576867
47.571362
49.158438
48.081853
48.866956
46.833163
45.642844
44.044464
47.350079
46.812677
49.344551
47.687018
40.146961
38.587847
45.049199
44.847141
50.449481
47.583740
52.290202
55.039186
53.014153
51.216091
51.612656
52.769523
58.073037
55.016021
52.577790
50.563301
50.030548
42.963007
39.107497
40.425939
33.448202
26.652861
31.581481
28.703539
24.876782
28.266958
15.046658
11.073607
15.281797
22.325931
18.305106
21.769311
23.870328
30.669057
22.606133
20.873508
12.317938
11.806640
7.566285
13.041179
10.215074
10.991824
11.678577
18.160030
5.955890
5.675554
-0.019317
2.436440
-9.402003
-19.314116
-16.781114
-7.133644
-12.862080
-13.638744
-14.976156
-0.419074
-7.295479
-1.335361
-5.687908
-9.024442
-10.131751
-2.586886
-8.734286
-13.073957
-16.413417
-19.782728
-27.141745
-26.473028
-33.218205
-31.130447
-47.413263
-45.400144
-40.862585
-41.412816
-43.035086
-40.301047
-31.880825
-25.202998
-19.181741
-9.996345
-15.128195
-11.007970
-9.788496
-4.837402
-11.021547
-2.479156
-7.318741
-3.752155
-2.672156
-6.343744
-7.903042
-5.783948
-17.122332
-23.012402
-20.916037
-19.860958
-20.974415
-15.364882
-18.469113
-5.163795
-1.075863
-0.439704
-2.892206
-3.817337
-3.831846
4.231807
1.275382
1.466215
-2.395359
-3.520426
-9.843505
-7.351153
-23.861605
-26.319089
-27.678210
-34.899225
-19.969056
-16.303661
-13.845133
-6.927118
6.310064
16.939652
25.322966
40.442018
45.909732
52.680711
53.576460
54.367388
52.997911
53.187967
52.970003
52.813581
54.058100
51.977701
49.532926
46.712870
45.337694
40.368197
42.396113
46.327485
49.672389
43.052427
48.526822
51.912858
50.874100
44.724281
40.813973
41.526950
37.498039
50.098200
37.870972
42.318230
33.554253
37.138684
23.415893
31.927661
26.997001
21.081150
18.095172
14.969812
29.657835
29.869170
33.348022
37.873490
45.369262
46.743512
49.255566
47.756951
50.140478
47.435303
48.428847
49.003066
49.913377
50.882366
44.529481
35.785098
35.999181
33.010345
34.329485
37.638757
34.869627
36.857430
33.051770
32.063150
37.117610
27.004173
