39.543700
35.353799
32.334899
36.165648
43.974152
40.980801
45.662877
46.030684
49.486841
54.735335
53.134066
56.780886
54.252614
53.359373
49.373622
45.123514
51.462917
44.342143
43.857801
50.674951
36.996144
38.694226
21.043186
25.921571
1.071532
-1.099902
-1.320132
-4.575040
-5.796796
-0.868852
-0.719308
13.513867
18.555619
21.131515
29.675449
34.966478
44.341110
42.829720
43.431292
38.996709
38.384860
40.413174
34.383780
34.401105
36.112622
35.231980
38.164353
27.772577
11.717785
1.929381
-2.090996
-10.006236
-19.822115
-30.285314
-31.127429
-41.486812
-50.635472
-51.670526
-45.322924
-42.250727
-44.988026
-41.734603
-38.512603
-33.553341
-27.876689
-25.793356
-25.023850
-27.031722
-23.932778
-22.100465
-17.554874
-13.078150
0.643638
0.548588
-1.105645
2.207779
-3.287171
-0.968480
-15.778708
-20.822460
-27.382019
-25.930828
-23.343441
-30.224369
-24.258985
-35.519579
-38.901974
-37.896637
-42.898162
-35.661726
-32.796666
-35.562467
-31.180822
-35.471499
-37.149248
-34.468735
-33.580604
-35.994165
-29.663158
-32.235935
-32.417870
-34.342838
-27.376094
-22.370569
-11.164035
-13.691791
-10.336547
-2.461302
-0.064332
12.201550
28.362818
33.946478
38.316468
46.112478
42.432271
52.592330
53.149065
51.064719
49.862432
50.591095
49.696141
50.365487
45.939211
46.433526
46.969124
40.565176
39.438765
31.127316
22.925426
21.548006
20.837309
21.262392
18.164675
17.226569
16.004594
19.620614
26.174880
22.674915
20.714513
16.477711
22.366564
26.411968
29.215645
31.764334
22.996596
27.016817
24.811785
20.622475
22.248123
22.104016
20.777473
16.547458
15.114782
11.605187
12.075145
12.060754
-0.209197
-2.178604
-8.702370
-11.342961
-14.023893
-16.478064
-22.643091
-21.054261
-33.682032
-28.740677
-30.488751
-29.516012
-29.686525
-35.769016
-29.603857
-30.982471
-39.544533
-44.008053
-41.796178
-40.509487
-42.516704
-43.240373
-35.700942
-39.658256
-39.018103
-35.293208
-37.702803
-31.683652
-30.879235
-32.621538
-28.636476
-34.616701
-32.271489
-36.623109
-38.381469
-37.192190
-37.350225
-38.286434
-39.872105
-35.279731
-36.928492
-39.869864
-42.879930
-41.505702
-39.666975
-45.469483
-40.454982
-29.927373
-31.196993
-19.604174
-18.625279
-22.140816
-8.881112
-8.939413
-7.013705
-5.177357
0.400145
7.521079
18.660752
25.200888
18.154895
14.920531
21.887983
23.905323
20.931940
27.545301
29.179874
29.478539
29.615860
26.253641
25.023145
26.213883
22.960655
21.030455
17.027395
5.177863
7.944454
-4.798073
-5.249626
-19.329030
-24.035343
-20.809400
-23.273600
-19.501510
-24.749912
-20.446428
-12.927287
-12.946561
-15.262112
-9.080281
-9.685653
-16.387873
-28.654304
-36.077424
-34.961717
-47.677925
-41.399183
-38.183986
-46.383497
-40.857522
-36.749687
-42.118300
-41.612365
-39.049984
-45.516643
-39.704575
-37.337012
-37.571485
-34.628034
-35.363649
-36.037202
-31.361931
-33.395798
-31.982128
-32.300164
-31.651347
-33.625675
-33.231130
-44.557248
-51.588511
-55.662671
-55.885774
-56.777533
-55.523795
-60.243799
-58.209867
-57.124320
-49.147631
-32.582287
-23.285347
-13.540070
-15.297622
-14.234300
-9.106642
-1.766097
5.107862
9.876312
11.369352
11.669319
12.259647
15.214489
15.994465
14.762233
16.720663
12.699810
9.433534
6.020877
-8.186639
-14.915311
-19.219411
-16.124549
-22.438148
-26.029546
-29.445729
-35.779363
-34.223976
-39.800280
-35.578391
-29.069355
-24.945955
-8.760434
-3.512353
-4.516820
-5.995504
-15.171104
-15.808139
-21.247617
-31.471276
-33.220715
-36.798861
-36.490836
-43.293795
-23.191713
-30.600189
-20.672682
-23.471355
-21.441234
-13.251732
-14.129303
1.247469
-1.871743
-2.631423
-5.348319
1.854985
1.893812
0.536117
-3.130323
-13.040529
-13.230330
-15.551406
-15.341196
-19.683038
-4.080637
-1.687042
3.697340
12.362405
16.444883
16.280553
15.969268
17.076776
26.085423
31.062073
29.710724
30.709436
39.276620
47.046228
52.538150
50.595166
48.160923
50.897552
48.917613
48.233995
52.220593
53.863728
52.155364
52.092658
40.504932
36.771935
33.550467
38.921648
32.021196
34.007770
19.597485
10.689804
3.585929
-1.455951
-3.783390
-8.860340
-15.380876
-13.359013
-14.351089
-14.914557
-15.154864
-10.086714
-14.211082
-14.232993
-13.917627
-14.483473
-18.986364
0.667218
-1.638575
8.191335
5.444599
2.976864
5.241531
3.068047
1.028859
1.783396
2.117853
-5.506011
-5.615555
-1.015191
-0.086392
-4.174221
-6.827457
-1.926523
3.125012
1.713362
1.152493
5.216097
3.053862
-0.635917
5.482474
9.415024
1.757688
12.139305
3.731868
7.339358
5.804379
2.278190
0.456410
-7.626878
-5.019765
5.445487
7.228104
-1.048623
-0.707540
6.882553
14.666417
17.038696
9.076875
4.800305
15.051486
5.282097
4.339104
4.550808
-7.508074
-19.563080
-17.458101
-33.103519
-41.438855
-37.758043
-50.095708
-51.452421
-41.900117
-42.690113
-43.204252
-39.488789
-41.379559
-30.607814
-26.090224
-31.443939
-34.766996
-36.029243
-37.096730
-48.192841
-57.702010
-61.403563
-61.436471
-56.107375
-43.223228
-25.376932
-21.531066
-6.703828
-10.494896
-4.201471
-3.617082
-1.025480
-5.606192
-15.365629
-11.503905
-15.433017
-26.179896
-23.235228
-29.604178
-24.737196
-30.287342
-36.465569
-23.804271
-30.559273
-31.477436
-29.254218
-31.290299
-20.543162
-26.481602
-27.483122
-22.912445
-20.937266
-4.127657
-6.962165
-0.047538
-8.766493
-2.237321
9.061652
2.203986
17.306932
10.145430
13.168458
6.845508
15.290418
11.878856
3.461390
-8.398858
0.436699
-10.011707
-2.703807
3.825461
11.490618
19.881919
26.806282
28.284397
30.789507
22.078743
24.396447
23.277256
20.775698
21.464314
19.450785
19.072485
17.669867
18.487239
18.474973
15.826998
11.268954
8.705297
0.062781
-1.157191
8.530720
19.543986
15.829814
20.867751
17.609997
15.355009
6.811353
14.485572
10.538082
6.985356
15.658689
23.215250
18.611211
10.403595
11.723583
28.037161
26.342600
35.816832
34.555824
32.275867
35.212690
30.306173
21.416838
24.145072
35.105237
20.147100
22.297434
21.061084
22.105307
17.945757
17.305044
16.619188
16.625298
15.045292
16.315244
15.277357
14.885960
17.718270
16.160686
15.510405
15.843264
17.012746
13.711007
16.405888
16.743082
16.059716
18.042875
17.173411
15.304356
15.947631
15.915597
12.425257
13.206419
9.948253
5.276432
11.543316
-1.044461
-8.909058
-3.695730
-9.887137
-12.652183
-17.567113
-20.906497
-25.041322
-33.735769
-30.788956
-33.169178
-30.529293
-27.907397
-37.755610
-33.457204
-38.852285
-39.294912
-38.712914
-36.645216
-34.161985
-37.578698
-39.801723
-35.619191
-35.475573
-34.643297
-38.832578
-33.517347
-30.110264
-19.645647
-12.445868
-19.275876
-15.551627
-9.917792
-14.270029
-11.457640
-12.289125
-12.625724
-2.079540
-9.182820
-7.789711
-5.827339
-2.992684
-2.720143
4.064410
1.226746
-9.969609
3.522538
10.483115
10.709661
13.925907
19.062047
15.730542
12.728335
12.857722
8.884490
9.945752
11.652006
11.840153
18.999154
30.182520
36.092935
47.195514
48.991308
41.141058
41.724412
42.912292
50.660570
49.793464
48.986765
51.860862
52.143547
48.631171
46.652990
47.224317
46.982956
41.788397
38.578221
37.246667
43.665545
39.860836
47.699311
42.746224
47.561311
45.575597
44.441652
38.960015
36.094420
31.356273
27.919036
23.214768
20.436561
22.994021
26.076329
21.668691
24.819649
10.433659
1.622458
-10.484224
-8.872661
-16.042349
-17.547613
-20.023296
-20.046699
-21.200906
-20.398346
-21.098500
-21.842691
-20.431790
-18.498529
-16.644580
-15.850969
-8.151395
8.782220
17.381376
22.718346
23.475739
30.636236
22.303010
20.901274
19.071430
18.830249
14.832669
12.762305
1.017018
-1.719098
-25.522129
-37.868439
-50.407533
-54.918252
-58.076760
-59.495261
-54.140606
-46.912800
-35.692409
-30.751815
-25.650629
-23.782458
-20.726519
-19.851849
-22.050144
-21.918012
-21.180001
-22.691865
-22.857782
-22.491082
-23.099860
-22.182593
-20.144151
-8.317760
-3.331441
-1.800191
-7.730049
-11.680196
-10.242249
-12.791771
-8.143871
-10.207349
-8.552435
-1.701006
-3.376899
5.114174
8.904563
9.262235
16.013168
26.334835
25.359533
27.147916
26.958094
34.481533
36.923681
44.485454
42.343071
38.404610
32.231850
33.002585
31.031110
33.214618
30.794716
36.427686
35.938302
32.313694
31.457384
21.709225
29.634837
27.954321
28.612766
21.610801
16.076551
15.811508
14.078476
15.388326
15.395138
15.531782
17.714392
19.999043
22.764810
19.076850
19.402627
20.103215
19.445271
20.894641
24.730015
32.146223
32.002556
35.113557
40.204015
45.356035
49.522263
46.372798
47.677622
43.912320
49.903947
48.033202
47.576867
47.571362
49.158438
48.081853
48.866956
46.833163
45.642844
44.044464
47.350079
46.812677
49.344551
47.687018
40.146961
38.587847
45.049199
44.847141
50.449481
47.583740
52.290202
55.039186
53.014153
51.216091
51.612656
52.769523
58.073037
55.016021
52.577790
50.563301
50.030548
42.963007
39.107497
40.425939
33.448202
26.652861
31.581481
28.703539
24.876782
28.266958
15.046658
11.073607
15.281797
22.325931
18.305106
21.769311
23.870328
30.669057
22.606133
20.873508
12.317938
11.806640
7.566285
13.041179
10.215074
10.991824
11.678577
18.160030
5.955890
5.675554
-0.019317
2.436440
-9.402003
-19.314116
-16.781114
-7.133644
-12.862080
-13.638744
-14.976156
-0.419074
-7.295479
-1.335361
-5.687908
-9.024442
-10.131751
-2.586886
-8.734286
-13.073957
-16.413417
-19.782728
-27.141745
-26.473028
-33.218205
-31.130447
-47.413263
-45.400144
-40.862585
-41.412816
-43.035086
-40.301047
-31.880825
-25.202998
-19.181741
-9.996345
-15.128195
-11.007970
-9.788496
-4.837402
-11.021547
-2.479156
-7.318741
-3.752155
-2.672156
-6.343744
-7.903042
-5.783948
-17.122332
-23.012402
-20.916037
-19.860958
-20.974415
-15.364882
-18.469113
-5.163795
-1.075863
-0.439704
-2.892206
-3.817337
-3.831846
4.231807
1.275382
1.466215
-2.395359
-3.520426
-9.843505
-7.351153
-23.861605
-26.319089
-27.678210
-34.899225
-19.969056
-16.303661
-13.845133
-6.927118
6.310064
16.939652
25.322966
40.442018
45.909732
52.680711
53.576460
54.367388
52.997911
53.187967
52.970003
52.813581
54.058100
51.977701
49.532926
46.712870
45.337694
40.368197
42.396113
46.327485
49.672389
43.052427
48.526822
51.912858
50.874100
44.724281
40.813973
41.526950
37.498039
50.098200
37.870972
42.318230
33.554253
37.138684
23.415893
31.927661
26.997001
21.081150
18.095172
14.969812
29.657835
29.869170
33.348022
37.873490
45.369262
46.743512
49.255566
47.756951
50.140478
47.435303
48.428847
49.003066
49.913377
50.882366
44.529481
35.785098
35.999181
33.010345
34.329485
37.638757
34.869627
36.857430
33.051770
32.063150
37.117610
27.004173
31.501596
36.072960
36.774630
34.357047
34.247431
35.735069
30.007460
31.632930
40.941585
31.217299
31.169933
29.030724
22.246704
24.043108
25.450514
27.295545
27.806038
23.029872
28.295537
24.525604
24.298860
16.959613
22.461463
23.793396
22.000001
28.576412
33.054966
19.692363
19.390096
14.095812
5.390980
0.567419
-1.058673
-10.417503
-16.420843
-17.124403
-18.096873
-19.594172
-19.144137
-17.387716
-16.449790
-5.699436
-10.386370
-8.885634
-9.481840
-8.033542
-5.813583
-6.948164
-5.106930
3.591780
-1.524079
-6.324888
-12.471566
-13.693584
-16.529964
-18.417496
-19.702052
-21.449304
-19.882814
-19.462922
-24.235408
-36.245005
-47.388119
-56.613672
-58.197290
-54.375978
-53.123797
-51.844663
-47.927197
-49.865526
-47.822512
-40.571917
-30.135979
-25.995970
-31.273449
-35.892274
-47.274847
-38.327218
-40.355262
-38.650282
-51.003036
-54.965437
-54.834158
-54.415827
-51.628381
-52.722758
-53.376261
-54.342629
-52.679667
-53.593732
-50.208646
-48.160267
-55.096334
-52.986964
-57.304745
-58.596322
-55.059204
-55.739070
-50.786901
-50.123115
-42.718369
-40.870580
-50.680598
-50.209185
-47.032562
-52.084965
-42.446322
-40.106590
-30.287008
-22.564254
-13.907986
-8.725142
-5.689495
0.221069
-8.997653
-5.422569
4.269185
16.615521
15.432674
29.500399
38.985693
45.852023
47.283517
51.077895
52.008969
53.161768
51.040693
53.216668
47.778297
41.114975
45.619990
45.375510
52.663871
54.498274
50.058570
50.276443
49.114681
44.398510
33.896922
33.438056
30.157553
46.019298
39.245494
41.973508
38.577023
35.306868
36.603666
36.550959
34.867828
30.555765
29.911207
27.882546
25.438600
22.893003
23.248492
20.271583
22.299958
20.387444
19.167106
18.605329
13.558091
10.463589
17.016913
19.440504
20.781644
25.544340
23.126717
17.139011
13.178662
15.368446
13.860447
12.308189
8.265570
9.930740
9.363790
9.722880
7.280850
4.874061
5.742927
16.347377
21.580637
26.613190
39.687018
39.333932
46.675028
45.069379
34.925954
20.806082
17.278499
15.856087
16.672498
10.178701
3.203964
-0.085521
-4.062276
-17.394383
-21.535326
-15.997500
-15.786081
-2.428226
6.301520
10.204039
5.015020
1.126964
1.907721
-0.631557
3.780363
2.714694
-0.881604
-0.043229
2.942178
-2.446733
1.040710
3.658678
2.738063
1.043104
-3.675587
-1.293910
-12.173131
-6.939379
-9.654621
-9.386076
-4.976259
-9.432411
-6.813169
-13.152359
-10.317846
-6.940443
-1.517748
-0.488247
9.763952
19.300684
35.129823
44.733989
53.845044
49.933693
51.825836
47.436363
45.499180
41.621121
38.882866
38.550166
28.365634
26.821545
23.089587
26.533159
26.531867
31.101764
34.618931
39.415738
44.118860
52.650365
50.149653
45.371363
40.974766
30.544565
22.925302
-2.901616
-12.499888
-19.904567
-38.100545
-33.435126
-32.905074
-51.258718
-60.113267
-52.830770
-52.637682
-53.151543
-50.805806
-50.456728
-46.427953
-55.082707
-45.767077
-41.320599
-44.671206
-38.111871
-32.728921
-18.076133
-10.664386
-13.576248
-10.348958
-18.308335
-17.584075
-8.012257
-0.926711
1.095219
3.405259
-2.751069
2.282191
13.631567
14.716289
16.864610
5.739238
10.941430
10.746386
14.179504
14.334238
12.787475
11.060032
8.865845
12.557582
16.470611
25.513627
30.720684
34.888881
32.857821
32.394530
28.192455
34.187271
30.609714
25.414866
29.098879
19.063019
9.933417
6.969763
2.178120
-9.612954
-14.524668
-13.109009
-10.298206
-9.617816
-23.577425
-24.897527
-37.347601
-32.921115
-28.271922
-21.688389
-26.000326
-37.584137
-34.890585
-31.723540
-43.021915
-36.487724
-30.052059
-37.625631
-26.567820
-16.260659
-14.169379
1.104518
4.117784
5.334017
9.577607
-2.005875
-0.369643
-17.747431
-26.173762
-32.526604
-31.600455
-34.901076
-42.118637
-51.502469
-44.099212
-39.423187
-41.212682
-41.208735
-41.737017
-39.861440
-35.164484
-24.790559
-28.377966
-37.456607
-33.822635
-38.135480
-47.639677
-50.861976
-53.388272
-48.399337
-50.622838
-52.534909
-48.309582
-46.140919
-44.709113
-45.128077
-41.434655
-34.833839
-33.726817
-29.789039
-27.350905
-22.484702
-18.471281
-18.275244
-11.223400
-13.936699
-8.673164
-15.487002
-17.091779
-23.504315
-23.908850
-22.861429
-24.914249
-28.619666
-31.034665
-32.375226
-31.503097
-29.721791
-29.925377
-29.540797
-26.900833
-28.292348
-25.506433
-26.276537
-27.634507
-30.369730
-26.208416
-27.043082
-32.466430
-36.570903
-36.317664
-34.802274
-27.029212
-24.251853
-21.656397
-24.047026
-22.565699
-29.770278
-35.096933
-29.497029
-20.895698
-1.254831
-6.138599
-2.197542
2.303904
6.948442
9.417132
13.169475
12.754568
14.650693
14.819469
15.204038
14.355472
17.128767
17.146973
18.474033
17.228557
20.000037
24.185267
21.972440
23.008763
21.512246
22.707901
18.397651
21.747259
21.363637
27.536253
33.189016
39.189158
44.799901
40.824291
40.610058
7.737890
-0.359229
-23.890370
-30.269457
-37.186215
-37.302455
-31.974213
-21.073848
-25.369016
-31.723128
-27.335370
-10.374376
-12.560129
-4.445725
-1.393547
8.520140
8.824622
12.868958
17.427723
13.640667
12.640473
17.660130
14.453837
16.704055
18.577269
24.227448
26.011849
26.703620
27.022226
32.366668
30.536637
27.871623
33.801744
31.345879
35.513102
38.136067
40.842103
42.058512
34.242296
29.650017
31.176690
23.862968
32.474804
35.521480
20.121399
13.867006
1.236899
-1.115585
-2.773233
-12.620740
38.608239
39.543700
35.353799
32.334899
36.165648
43.974152
40.980801
45.662877
46.030684
49.486841
54.735335
53.134066
56.780886
54.252614
53.359373
49.373622
45.123514
51.462917
44.342143
43.857801
50.674951
36.996144
38.694226
21.043186
25.921571
1.071532
-1.099902
-1.320132
-4.575040
-5.796796
-0.868852
-0.719308
13.513867
18.555619
21.131515
29.675449
34.966478
44.341110
42.829720
43.431292
38.996709
38.384860
40.413174
34.383780
34.401105
36.112622
35.231980
38.164353
27.772577
11.717785
1.929381
-2.090996
-10.006236
-19.822115
-30.285314
-31.127429
-41.486812
-50.635472
-51.670526
-45.322924
-42.250727
-44.988026
-41.734603
-38.512603
-33.553341
-27.876689
-25.793356
-25.023850
-27.031722
-23.932778
-22.100465
-17.554874
-13.078150
0.643638
0.548588
-1.105645
2.207779
-3.287171
-0.968480
-15.778708
-20.822460
-27.382019
-25.930828
-23.343441
-30.224369
-24.258985
-35.519579
-38.901974
-37.896637
-42.898162
-35.661726
-32.796666
-35.562467
-31.180822
-35.471499
-37.149248
-34.468735
-33.580604
-35.994165
-29.663158
-32.235935
-32.417870
-34.342838
-27.376094
-22.370569
-11.164035
-13.691791
-10.336547
-2.461302
-0.064332
12.201550
28.362818
33.946478
38.316468
46.112478
42.432271
52.592330
53.149065
51.064719
49.862432
50.591095
49.696141
50.365487
45.939211
46.433526
46.969124
40.565176
39.438765
31.127316
22.925426
21.548006
20.837309
21.262392
18.164675
17.226569
16.004594
19.620614
26.174880
22.674915
20.714513
16.477711
22.366564
26.411968
29.215645
31.764334
22.996596
27.016817
24.811785
20.622475
22.248123
22.104016
20.777473
16.547458
15.114782
11.605187
12.075145
12.060754
-0.209197
-2.178604
-8.702370
-11.342961
-14.023893
-16.478064
-22.643091
-21.054261
-33.682032
-28.740677
-30.488751
-29.516012
-29.686525
-35.769016
-29.603857
-30.982471
-39.544533
-44.008053
-41.796178
-40.509487
-42.516704
-43.240373
-35.700942
-39.658256
-39.018103
-35.293208
-37.702803
-31.683652
-30.879235
-32.621538
-28.636476
-34.616701
-32.271489
-36.623109
-38.381469
-37.192190
-37.350225
-38.286434
-39.872105
-35.279731
-36.928492
-39.869864
-42.879930
-41.505702
-39.666975
-45.469483
-40.454982
-29.927373
-31.196993
-19.604174
-18.625279
-22.140816
-8.881112
-8.939413
-7.013705
-5.177357
0.400145
7.521079
18.660752
25.200888
18.154895
14.920531
21.887983
23.905323
20.931940
27.545301
29.179874
29.478539
29.615860
26.253641
25.023145
26.213883
22.960655
21.030455
17.027395
5.177863
7.944454
-4.798073
-5.249626
-19.329030
-24.035343
-20.809400
-23.273600
-19.501510
-24.749912
-20.446428
-12.927287
-12.946561
-15.262112
-9.080281
-9.685653
-16.387873
-28.654304
-36.077424
-34.961717
-47.677925
-41.399183
-38.183986
-46.383497
-40.857522
-36.749687
-42.118300
-41.612365
-39.049984
-45.516643
-39.704575
-37.337012
-37.571485
-34.628034
-35.363649
-36.037202
-31.361931
-33.395798
-31.982128
-32.300164
-31.651347
-33.625675
-33.231130
-44.557248
-51.588511
-55.662671
-55.885774
-56.777533
-55.523795
-60.243799
-58.209867
-57.124320
-49.147631
-32.582287
-23.285347
-13.540070
-15.297622
-14.234300
-9.106642
-1.766097
5.107862
9.876312
11.369352
11.669319
12.259647
15.214489
15.994465
14.762233
16.720663
12.699810
9.433534
6.020877
-8.186639
-14.915311
-19.219411
-16.124549
-22.438148
-26.029546
-29.445729
-35.779363
-34.223976
-39.800280
-35.578391
-29.069355
-24.945955
-8.760434
-3.512353
-4.516820
-5.995504
-15.171104
-15.808139
-21.247617
-31.471276
-33.220715
-36.798861
-36.490836
-43.293795
-23.191713
-30.600189
-20.672682
-23.471355
-21.441234
-13.251732
-14.129303
1.247469
-1.871743
-2.631423
-5.348319
1.854985
1.893812
0.536117
-3.130323
-13.040529
-13.230330
-15.551406
-15.341196
-19.683038
-4.080637
-1.687042
3.697340
12.362405
16.444883
16.280553
15.969268
17.076776
26.085423
31.062073
29.710724
30.709436
39.276620
47.046228
52.538150
50.595166
48.160923
50.897552
48.917613
48.233995
52.220593
53.863728
52.155364
52.092658
40.504932
36.771935
33.550467
38.921648
32.021196
34.007770
19.597485
10.689804
3.585929
-1.455951
-3.783390
-8.860340
-15.380876
-13.359013
-14.351089
-14.914557
-15.154864
-10.086714
-14.211082
-14.232993
-13.917627
-14.483473
-18.986364
0.667218
-1.638575
8.191335
5.444599
2.976864
5.241531
3.068047
1.028859
1.783396
2.117853
-5.506011
-5.615555
-1.015191
-0.086392
-4.174221
-6.827457
-1.926523
3.125012
1.713362
1.152493
5.216097
3.053862
-0.635917
5.482474
9.415024
1.757688
12.139305
3.731868
7.339358
5.804379
2.278190
0.456410
-7.626878
-5.019765
5.445487
7.228104
-1.048623
-0.707540
6.882553
14.666417
17.038696
9.076875
4.800305
15.051486
5.282097
4.339104
4.550808
-7.508074
-19.563080
-17.458101
-33.103519
-41.438855
-37.758043
-50.095708
-51.452421
-41.900117
-42.690113
-43.204252
-39.488789
-41.379559
-30.607814
-26.090224
-31.443939
-34.766996
-36.029243
-37.096730
-48.192841
-57.702010
-61.403563
-61.436471
-56.107375
-43.223228
-25.376932
-21.531066
-6.703828
-10.494896
-4.201471
-3.617082
-1.025480
-5.606192
-15.365629
-11.503905
-15.433017
-26.179896
-23.235228
-29.604178
-24.737196
-30.287342
-36.465569
-23.804271
-30.559273
-31.477436
-29.254218
-31.290299
-20.543162
-26.481602
-27.483122
-22.912445
-20.937266
-4.127657
-6.962165
-0.047538
-8.766493
-2.237321
9.061652
2.203986
17.306932
10.145430
13.168458
6.845508
15.290418
11.878856
3.461390
-8.398858
0.436699
-10.011707
-2.703807
3.825461
11.490618
19.881919
26.806282
28.284397
30.789507
22.078743
24.396447
23.277256
20.775698
21.464314
19.450785
19.072485
17.669867
18.487239
18.474973
15.826998
11.268954
8.705297
0.062781
-1.157191
8.530720
19.543986
15.829814
20.867751
17.609997
15.355009
6.811353
14.485572
10.538082
6.985356
15.658689
23.215250
18.611211
10.403595
11.723583
28.037161
26.342600
35.816832
34.555824
32.275867
35.212690
30.306173
21.416838
24.145072
35.105237
20.147100
22.297434
21.061084
22.105307
17.945757
17.305044
16.619188
16.625298
15.045292
16.315244
15.277357
14.885960
17.718270
16.160686
15.510405
15.843264
17.012746
13.711007
16.405888
16.743082
16.059716
18.042875
17.173411
15.304356
15.947631
15.915597
12.425257
13.206419
9.948253
5.276432
11.543316
-1.044461
-8.909058
-3.695730
-9.887137
-12.652183
-17.567113
-20.906497
-25.041322
-33.735769
-30.788956
-33.169178
-30.529293
-27.907397
-37.755610
-33.457204
-38.852285
-39.294912
-38.712914
-36.645216
-34.161985
-37.578698
-39.801723
-35.619191
-35.475573
-34.643297
-38.832578
-33.517347
-30.110264
-19.645647
-12.445868
-19.275876
-15.551627
-9.917792
-14.270029
-11.457640
-12.289125
-12.625724
-2.079540
-9.182820
-7.789711
-5.827339
-2.992684
-2.720143
4.064410
1.226746
-9.969609
3.522538
10.483115
10.709661
13.925907
19.062047
15.730542
12.728335
12.857722
8.884490
9.945752
11.652006
11.840153
18.999154
30.182520
36.092935
47.195514
48.991308
41.141058
41.724412
42.912292
50.660570
49.793464
48.986765
51.860862
52.143547
48.631171
46.652990
47.224317
46.982956
41.788397
38.578221
37.246667
43.665545
39.860836
47.699311
42.746224
47.561311
45.575597
44.441652
38.960015
36.094420
31.356273
27.919036
23.214768
20.436561
22.994021
26.076329
21.668691
24.819649
10.433659
1.622458
-10.484224
-8.872661
-16.042349
-17.547613
-20.023296
-20.046699
-21.200906
-20.398346
-21.098500
-21.842691
-20.431790
-18.498529
-16.644580
-15.850969
-8.151395
8.782220
17.381376
22.718346
23.475739
30.636236
22.303010
20.901274
19.071430
18.830249
14.832669
12.762305
1.017018
-1.719098
-25.522129
-37.868439
-50.407533
-54.918252
-58.076760
-59.495261
-54.140606
-46.912800
-35.692409
-30.751815
-25.650629
-23.782458
-20.726519
-19.851849
-22.050144
-21.918012
-21.180001
-22.691865
-22.857782
-22.491082
-23.099860
-22.182593
-20.144151
-8.317760
-3.331441
-1.800191
-7.730049
-11.680196
-10.242249
-12.791771
-8.143871
-10.207349
-8.552435
-1.701006
-3.376899
5.114174
8.904563
9.262235
16.013168
26.334835
25.359533
27.147916
26.958094
34.481533
36.923681
44.485454
42.343071
38.404610
32.231850
33.002585
31.031110
33.214618
30.794716
36.427686
35.938302
32.313694
31.457384
21.709225
29.634837
27.954321
28.612766
21.610801
16.076551
15.811508
14.078476
15.388326
15.395138
15.531782
17.714392
19.999043
22.764810
19.076850
19.402627
20.103215
19.445271
20.894641
24.730015
32.146223
32.002556
35.113557
40.204015
45.356035
49.522263
46.372798
47.677622
43.912320
49.903947
48.033202
47.576867
47.571362
49.158438
48.081853
48.866956
46.833163
45.642844
44.044464
47.350079
46.812677
49.344551
47.687018
40.146961
38.587847
45.049199
44.847141
50.449481
47.583740
52.290202
55.039186
53.014153
51.216091
51.612656
52.769523
58.073037
55.016021
52.577790
50.563301
50.030548
42.963007
39.107497
40.425939
33.448202
26.652861
31.581481
28.703539
24.876782
28.266958
15.046658
11.073607
15.281797
22.325931
18.305106
21.769311
23.870328
30.669057
22.606133
20.873508
12.317938
11.806640
7.566285
13.041179
10.215074
10.991824
11.678577
18.160030
5.955890
5.675554
-0.019317
2.436440
-9.402003
-19.314116
-16.781114
-7.133644
-12.862080
-13.638744
-14.976156
-0.419074
-7.295479
-1.335361
-5.687908
-9.024442
-10.131751
-2.586886
-8.734286
-13.073957
-16.413417
-19.782728
-27.141745
-26.473028
-33.218205
-31.130447
-47.413263
-45.400144
-40.862585
-41.412816
-43.035086
-40.301047
-31.880825
-25.202998
-19.181741
-9.996345
-15.128195
-11.007970
-9.788496
-4.837402
-11.021547
-2.479156
-7.318741
-3.752155
-2.672156
-6.343744
-7.903042
-5.783948
-17.122332
-23.012402
-20.916037
-19.860958
-20.974415
-15.364882
-18.469113
-5.163795
-1.075863
-0.439704
-2.892206
-3.817337
-3.831846
4.231807
1.275382
1.466215
-2.395359
-3.520426
-9.843505
-7.351153
-23.861605
-26.319089
-27.678210
-34.899225
-19.969056
-16.303661
-13.845133
-6.927118
6.310064
16.939652
25.322966
40.442018
45.909732
52.680711
53.576460
54.367388
52.997911
53.187967
52.970003
52.813581
54.058100
51.977701
49.532926
46.712870
45.337694
40.368197
42.396113
46.327485
49.672389
43.052427
48.526822
51.912858
50.874100
44.724281
40.813973
41.526950
37.498039
50.098200
37.870972
42.318230
33.554253
37.138684
23.415893
31.927661
26.997001
21.081150
18.095172
14.969812
29.657835
29.869170
33.348022
37.873490
45.369262
46.743512
49.255566
47.756951
50.140478
47.435303
48.428847
49.003066
49.913377
50.882366
44.529481
35.785098
35.999181
33.010345
34.329485
37.638757
34.869627
36.857430
33.051770
32.063150
37.117610
27.004173
31.501596
36.072960
36.774630
34.357047
34.247431
35.735069
30.007460
31.632930
40.941585
31.217299
31.169933
29.030724
22.246704
24.043108
25.450514
27.295545
27.806038
23.029872
28.295537
24.525604
24.298860
16.959613
22.461463
23.793396
22.000001
28.576412
33.054966
19.692363
19.390096
14.095812
5.390980
0.567419
-1.058673
-10.417503
-16.420843
-17.124403
-18.096873
-19.594172
-19.144137
-17.387716
-16.449790
-5.699436
-10.386370
-8.885634
-9.481840
-8.033542
-5.813583
-6.948164
-5.106930
3.591780
-1.524079
-6.324888
-12.471566
-13.693584
-16.529964
-18.417496
-19.702052
-21.449304
-19.882814
-19.462922
-24.235408
-36.245005
-47.388119
-56.613672
-58.197290
-54.375978
-53.123797
-51.844663
-47.927197
-49.865526
-47.822512
-40.571917
-30.135979
-25.995970
-31.273449
-35.892274
-47.274847
-38.327218
-40.355262
-38.650282
-51.003036
-54.965437
-54.834158
-54.415827
-51.628381
-52.722758
-53.376261
-54.342629
-52.679667
-53.593732
-50.208646
-48.160267
-55.096334
-52.986964
-57.304745
-58.596322
-55.059204
-55.739070
-50.786901
-50.123115
-42.718369
-40.870580
-50.680598
-50.209185
-47.032562
-52.084965
-42.446322
-40.106590
-30.287008
-22.564254
-13.907986
-8.725142
-5.689495
0.221069
-8.997653
-5.422569
4.269185
16.615521
15.432674
29.500399
38.985693
45.852023
47.283517
51.077895
52.008969
53.161768
51.040693
53.216668
47.778297
41.114975
45.619990
45.375510
52.663871
54.498274
50.058570
50.276443
49.114681
44.398510
33.896922
33.438056
30.157553
46.019298
39.245494
41.973508
38.577023
35.306868
36.603666
36.550959
34.867828
30.555765
29.911207
27.882546
25.438600
22.893003
23.248492
20.271583
22.299958
20.387444
19.167106
18.605329
13.558091
10.463589
17.016913
19.440504
20.781644
25.544340
23.126717
17.139011
13.178662
15.368446
13.860447
12.308189
8.265570
9.930740
9.363790
9.722880
7.280850
4.874061
5.742927
16.347377
21.580637
26.613190
39.687018
39.333932
46.675028
45.069379
34.925954
20.806082
17.278499
15.856087
16.672498
10.178701
3.203964
-0.085521
-4.062276
-17.394383
-21.535326
-15.997500
-15.786081
-2.428226
6.301520
10.204039
5.015020
1.126964
1.907721
-0.631557
3.780363
2.714694
-0.881604
-0.043229
2.942178
-2.446733
1.040710
3.658678
2.738063
1.043104
-3.675587
-1.293910
-12.173131
-6.939379
-9.654621
-9.386076
-4.976259
-9.432411
-6.813169
-13.152359
-10.317846
-6.940443
-1.517748
-0.488247
9.763952
19.300684
35.129823
44.733989
53.845044
49.933693
51.825836
47.436363
45.499180
41.621121
38.882866
38.550166
28.365634
26.821545
23.089587
26.533159
26.531867
31.101764
34.618931
39.415738
44.118860
52.650365
50.149653
45.371363
40.974766
30.544565
22.925302
-2.901616
-12.499888
-19.904567
-38.100545
-33.435126
-32.905074
-51.258718
-60.113267
-52.830770
-52.637682
-53.151543
-50.805806
-50.456728
-46.427953
-55.082707
-45.767077
-41.320599
-44.671206
-38.111871
-32.728921
-18.076133
-10.664386
-13.576248
-10.348958
-18.308335
-17.584075
-8.012257
-0.926711
1.095219
3.405259
-2.751069
2.282191
13.631567
14.716289
16.864610
5.739238
10.941430
10.746386
14.179504
14.334238
12.787475
11.060032
8.865845
12.557582
16.470611
25.513627
30.720684
34.888881
32.857821
32.394530
28.192455
34.187271
30.609714
25.414866
29.098879
19.063019
9.933417
6.969763
2.178120
-9.612954
-14.524668
-13.109009
-10.298206
-9.617816
-23.577425
-24.897527
-37.347601
-32.921115
-28.271922
-21.688389
-26.000326
-37.584137
-34.890585
-31.723540
-43.021915
-36.487724
-30.052059
-37.625631
-26.567820
-16.260659
-14.169379
1.104518
4.117784
5.334017
9.577607
-2.005875
-0.369643
-17.747431
-26.173762
-32.526604
-31.600455
-34.901076
-42.118637
-51.502469
-44.099212
-39.423187
-41.212682
-41.208735
-41.737017
-39.861440
-35.164484
-24.790559
-28.377966
-37.456607
-33.822635
-38.135480
-47.639677
-50.861976
-53.388272
-48.399337
-50.622838
-52.534909
-48.309582
-46.140919
-44.709113
-45.128077
-41.434655
-34.833839
-33.726817
-29.789039
-27.350905
-22.484702
-18.471281
-18.275244
-11.223400
-13.936699
-8.673164
-15.487002
-17.091779
-23.504315
-23.908850
-22.861429
-24.914249
-28.619666
-31.034665
-32.375226
-31.503097
-29.721791
-29.925377
-29.540797
-26.900833
-28.292348
-25.506433
-26.276537
-27.634507
-30.369730
-26.208416
-27.043082
-32.466430
-36.570903
-36.317664
-34.802274
-27.029212
-24.251853
-21.656397
-24.047026
-22.565699
-29.770278
-35.096933
-29.497029
-20.895698
-1.254831
-6.138599
-2.197542
2.303904
6.948442
9.417132
13.169475
12.754568
14.650693
14.819469
15.204038
14.355472
17.128767
17.146973
18.474033
17.228557
20.000037
24.185267
21.972440
23.008763
21.512246
22.707901
18.397651
21.747259
21.363637
27.536253
33.189016
39.189158
44.799901
40.824291
40.610058
7.737890
-0.359229
-23.890370
-30.269457
-37.186215
-37.302455
-31.974213
-21.073848
-25.369016
-31.723128
-27.335370
-10.374376
-12.560129
-4.445725
-1.393547
8.520140
8.824622
12.868958
17.427723
13.640667
12.640473
17.660130
14.453837
16.704055
18.577269
24.227448
26.011849
26.703620
27.022226
32.366668
30.536637
27.871623
33.801744
31.345879
35.513102
38.136067
40.842103
42.058512
34.242296
29.650017
31.176690
23.862968
32.474804
35.521480
20.121399
13.867006
1.236899
-1.115585
-2.773233
-12.620740
-10.873729
-1.446364
-6.656605
2.524290
4.745971
16.984751
16.789998
32.058677
39.101964
45.885848
54.821059
56.194428
56.781235
55.665577
55.252301
49.498680
49.715669
47.775733
41.408844
44.046290
41.478576
39.368768
36.252336
29.097997
33.578993
38.720494
41.954683
40.221191
44.977109
48.216763
48.124201
44.428214
48.296248
37.887202
34.983363
41.163196
40.810825
41.902239
28.548607
23.555369
30.184599
23.271155
28.552678
20.945614
23.553863
22.153860
25.951422
14.094716
10.219859
-4.871683
-4.757725
-8.208505
-3.373759
-0.438338
1.280319
-4.666019
-0.167027
-5.524286
0.266909
1.683614
-4.334918
-0.385815
7.354410
10.902149
8.512103
11.746519
20.343116
11.607496
15.555297
12.653440
13.571300
5.160804
8.340161
-5.292567
-6.516137
-11.422321
-7.040287
-7.872404
-3.558701
0.612986
9.684062
-4.187720
4.884393
-2.246663
-9.080362
-11.545078
-8.957487
-10.500992
-3.251717
-4.714473
-0.096736
-5.462762
-5.854198
-0.960050
-2.036850
-3.954398
-0.492894
-2.569931
-0.183116
-11.215243
-6.329276
-7.784577
-9.594274
-1.250855
-3.123661
-0.111163
-0.001801
6.178073
-4.150302
4.815359
8.267821
-9.284825
-22.132574
-17.739928
-20.527654
-18.418263
-22.764088
-20.314445
-19.304307
-13.287272
-10.976466
-2.109899
9.425391
8.652158
14.055175
13.730037
20.128332
27.699925
22.483471
24.728198
24.617764
23.710889
24.904777
24.109561
19.863082
10.494313
2.506081
-1.879168
-11.274179
-15.036433
-22.239347
-18.533564
-28.022409
-26.284927
-25.068493
-23.254016
-22.626587
-32.557463
-23.226345
-12.053689
2.379535
0.893567
4.532422
7.204630
12.675597
19.006195
11.033050
7.168774
6.659240
5.886008
11.450841
3.099075
5.535589
-2.847288
11.439810
-3.341828
-7.212890
-20.933461
-22.463841
-25.443685
-27.729863
-18.397233
-7.763654
-14.957925
-23.958399
-8.625862
-0.429716
-7.668709
-17.756170
-18.915187
-28.986430
-35.665830
-31.752197
-40.024184
-37.254116
-34.785617
-46.368548
-44.565419
-39.877505
-41.579630
-37.788859
-41.657395
-40.515784
-39.459586
-40.486120
-41.557785
-44.872015
-46.487423
-34.218126
-32.413563
-32.457884
-22.619480
-14.461710
-1.726129
11.587677
18.670892
6.728503
4.528786
-0.028327
3.621498
-6.272104
-13.267879
-0.569715
-2.999601
-5.395815
-9.030610
-6.863074
-11.201505
-15.671395
-16.186392
-15.424493
-20.563336
-20.869931
-20.497556
-18.884649
-18.817312
-17.186203
-20.588764
-16.170792
-19.973281
-19.407070
-16.667371
-15.558100
-12.426766
-15.163336
-18.158181
-19.010272
-18.843629
-21.101099
-20.677526
-20.151728
-12.944558
-7.906298
-1.104445
2.604107
0.272096
6.488915
-6.948666
-14.046489
-15.524099
-16.758109
-17.772895
-18.391858
-14.235026
-8.954639
-8.301616
-4.325257
-6.953449
5.700799
-0.335736
12.428181
13.512637
10.199772
-3.175373
-2.019097
-11.680225
-13.616293
-9.733415
-15.152186
-17.398280
-12.079951
-2.114116
-5.712328
-4.304779
0.833972
-9.908014
-14.553735
-16.955067
-16.923869
-20.732893
-23.332895
-29.718865
-39.570452
-48.347779
-39.509353
-22.494563
-17.214759
-12.568106
-9.016321
-11.312803
-21.252408
-30.609410
-37.220368
-36.606448
-38.331010
-32.559292
-28.895882
-26.257025
-26.658951
-21.749088
-23.900827
-19.715562
-15.006489
-16.156256
-11.226464
-7.681744
-16.439747
-8.525367
0.770753
3.126279
-2.443541
3.446395
0.217101
2.905430
-0.109294
7.736321
8.662904
16.019341
29.684708
40.186367
47.668080
51.117075
50.950675
54.681716
52.605262
52.429053
54.398372
52.807070
46.317013
49.810620
50.550814
43.421664
32.730049
32.516715
32.172095
34.745240
42.715689
33.631256
27.197886
23.264307
20.120098
19.632646
19.619041
20.682257
18.683923
14.949178
14.886695
13.312178
12.352510
13.887440
13.404966
12.748535
12.642276
13.927721
13.568624
13.250192
13.933100
11.624116
14.452003
11.327158
10.336458
5.275065
6.110510
-4.943399
-16.356005
-13.863887
-11.936944
-12.899549
-17.776098
-18.287810
-19.189602
-19.165129
-16.202113
-20.448127
-20.477292
-20.644113
-21.363300
-20.805356
-20.538505
-18.508798
-19.826093
-18.077579
-21.000298
-19.965185
-21.816929
-23.201800
-22.321757
-29.677293
-39.548307
-41.963529
-30.293487
-33.789193
-36.819712
-45.409843
-45.197597
-48.586081
-54.589407
-53.618275
-56.818889
-57.166545
-56.179963
-51.203438
-54.830931
-54.713668
-55.165493
-51.822473
-52.764713
-51.753224
-54.765718
-50.704135
-46.117126
-49.844637
-47.397590
-41.036821
-29.007041
-22.930922
-22.658272
-15.291825
-13.260208
-8.655832
7.204049
18.221916
15.565268
13.441646
8.827264
-1.581222
0.951432
0.213842
2.003082
9.440955
6.022719
14.844720
17.213015
15.829505
15.832214
19.522731
20.576852
19.777309
19.138833
20.099358
20.162111
23.931444
25.919008
32.448411
34.288263
45.290492
45.426759
44.324128
26.298640
31.984351
28.844860
28.618508
25.815053
22.233821
22.603629
22.345492
19.951875
17.717889
16.732990
16.870013
16.513303
18.015528
13.141392
19.715773
22.575088
25.051136
11.139231
27.432629
31.513501
23.054788
34.848388
33.883380
35.846991
27.550422
20.409458
24.997761
15.143061
15.826980
20.844880
9.680614
-4.323958
-14.813305
-18.473699
-15.503286
-15.658797
-20.101296
-24.496287
-25.025541
-23.515546
-25.178988
-20.151872
-19.277551
-19.283071
-19.798427
-19.724280
-19.904118
-20.641378
-20.219466
-20.035475
-18.361331
38.608239
39.543700
35.353799
32.334899
36.165648
43.974152
40.980801
45.662877
46.030684
49.486841
54.735335
53.134066
56.780886
54.252614
53.359373
49.373622
45.123514
51.462917
44.342143
43.857801
50.674951
36.996144
38.694226
21.043186
25.921571
1.071532
-1.099902
-1.320132
-4.575040
-5.796796
-0.868852
-0.719308
13.513867
18.555619
21.131515
29.675449
34.966478
44.341110
42.829720
43.431292
38.996709
38.384860
40.413174
34.383780
34.401105
36.112622
35.231980
38.164353
27.772577
11.717785
1.929381
-2.090996
-10.006236
-19.822115
-30.285314
-31.127429
-41.486812
-50.635472
-51.670526
-45.322924
-42.250727
-44.988026
-41.734603
-38.512603
-33.553341
-27.876689
-25.793356
-25.023850
-27.031722
-23.932778
-22.100465
-17.554874
-13.078150
0.643638
0.548588
-1.105645
2.207779
-3.287171
-0.968480
-15.778708
-20.822460
-27.382019
-25.930828
-23.343441
-30.224369
-24.258985
-35.519579
-38.901974
-37.896637
-42.898162
-35.661726
-32.796666
-35.562467
-31.180822
-35.471499
-37.149248
-34.468735
-33.580604
-35.994165
-29.663158
-32.235935
-32.417870
-34.342838
-27.376094
-22.370569
-11.164035
-13.691791
-10.336547
-2.461302
-0.064332
12.201550
28.362818
33.946478
38.316468
46.112478
42.432271
52.592330
53.149065
51.064719
49.862432
50.591095
49.696141
50.365487
45.939211
46.433526
46.969124
40.565176
39.438765
31.127316
22.925426
21.548006
20.837309
21.262392
18.164675
17.226569
16.004594
19.620614
26.174880
22.674915
20.714513
16.477711
22.366564
26.411968
29.215645
31.764334
22.996596
27.016817
24.811785
20.622475
22.248123
22.104016
20.777473
16.547458
15.114782
11.605187
12.075145
12.060754
-0.209197
-2.178604
-8.702370
-11.342961
-14.023893
-16.478064
-22.643091
-21.054261
-33.682032
-28.740677
-30.488751
-29.516012
-29.686525
-35.769016
-29.603857
-30.982471
-39.544533
-44.008053
-41.796178
-40.509487
-42.516704
-43.240373
-35.700942
-39.658256
-39.018103
-35.293208
-37.702803
-31.683652
-30.879235
-32.621538
-28.636476
-34.616701
-32.271489
-36.623109
-38.381469
-37.192190
-37.350225
-38.286434
-39.872105
-35.279731
-36.928492
-39.869864
-42.879930
-41.505702
-39.666975
-45.469483
-40.454982
-29.927373
-31.196993
-19.604174
-18.625279
-22.140816
-8.881112
-8.939413
-7.013705
-5.177357
0.400145
7.521079
18.660752
25.200888
18.154895
14.920531
21.887983
23.905323
20.931940
27.545301
29.179874
29.478539
29.615860
26.253641
25.023145
26.213883
22.960655
21.030455
17.027395
5.177863
7.944454
-4.798073
-5.249626
-19.329030
-24.035343
-20.809400
-23.273600
-19.501510
-24.749912
-20.446428
-12.927287
-12.946561
-15.262112
-9.080281
-9.685653
-16.387873
-28.654304
-36.077424
-34.961717
-47.677925
-41.399183
-38.183986
-46.383497
-40.857522
-36.749687
-42.118300
-41.612365
-39.049984
-45.516643
-39.704575
-37.337012
-37.571485
-34.628034
-35.363649
-36.037202
-31.361931
-33.395798
-31.982128
-32.300164
-31.651347
-33.625675
-33.231130
-44.557248
-51.588511
-55.662671
-55.885774
-56.777533
-55.523795
-60.243799
-58.209867
-57.124320
-49.147631
-32.582287
-23.285347
-13.540070
-15.297622
-14.234300
-9.106642
-1.766097
5.107862
9.876312
11.369352
11.669319
12.259647
15.214489
15.994465
14.762233
16.720663
12.699810
9.433534
6.020877
-8.186639
-14.915311
-19.219411
-16.124549
-22.438148
-26.029546
-29.445729
-35.779363
-34.223976
-39.800280
-35.578391
-29.069355
-24.945955
-8.760434
-3.512353
-4.516820
-5.995504
-15.171104
-15.808139
-21.247617
-31.471276
-33.220715
-36.798861
-36.490836
-43.293795
-23.191713
-30.600189
-20.672682
-23.471355
-21.441234
-13.251732
-14.129303
1.247469
-1.871743
-2.631423
-5.348319
1.854985
1.893812
0.536117
-3.130323
-13.040529
-13.230330
-15.551406
-15.341196
-19.683038
-4.080637
-1.687042
3.697340
12.362405
16.444883
16.280553
15.969268
17.076776
26.085423
31.062073
29.710724
30.709436
39.276620
47.046228
52.538150
50.595166
48.160923
50.897552
48.917613
48.233995
52.220593
53.863728
52.155364
52.092658
40.504932
36.771935
33.550467
38.921648
32.021196
34.007770
19.597485
10.689804
3.585929
-1.455951
-3.783390
-8.860340
-15.380876
-13.359013
-14.351089
-14.914557
-15.154864
-10.086714
-14.211082
-14.232993
-13.917627
-14.483473
-18.986364
0.667218
-1.638575
8.191335
5.444599
2.976864
5.241531
3.068047
1.028859
1.783396
2.117853
-5.506011
-5.615555
-1.015191
-0.086392
-4.174221
-6.827457
-1.926523
3.125012
1.713362
1.152493
5.216097
3.053862
-0.635917
5.482474
9.415024
1.757688
12.139305
3.731868
7.339358
5.804379
2.278190
0.456410
-7.626878
-5.019765
5.445487
7.228104
-1.048623
-0.707540
6.882553
14.666417
17.038696
9.076875
4.800305
15.051486
5.282097
4.339104
4.550808
-7.508074
-19.563080
-17.458101
-33.103519
-41.438855
-37.758043
-50.095708
-51.452421
-41.900117
-42.690113
-43.204252
-39.488789
-41.379559
-30.607814
-26.090224
-31.443939
-34.766996
-36.029243
-37.096730
-48.192841
-57.702010
-61.403563
-61.436471
-56.107375
-43.223228
-25.376932
-21.531066
-6.703828
-10.494896
-4.201471
-3.617082
-1.025480
-5.606192
-15.365629
-11.503905
-15.433017
-26.179896
-23.235228
-29.604178
-24.737196
-30.287342
-36.465569
-23.804271
-30.559273
-31.477436
-29.254218
-31.290299
-20.543162
-26.481602
-27.483122
-22.912445
-20.937266
-4.127657
-6.962165
-0.047538
-8.766493
-2.237321
9.061652
2.203986
17.306932
10.145430
13.168458
6.845508
15.290418
11.878856
3.461390
-8.398858
0.436699
-10.011707
-2.703807
3.825461
11.490618
19.881919
26.806282
28.284397
30.789507
22.078743
24.396447
23.277256
20.775698
21.464314
19.450785
19.072485
17.669867
18.487239
18.474973
15.826998
11.268954
8.705297
0.062781
-1.157191
8.530720
19.543986
15.829814
20.867751
17.609997
15.355009
6.811353
14.485572
10.538082
6.985356
15.658689
23.215250
18.611211
10.403595
11.723583
28.037161
26.342600
35.816832
34.555824
32.275867
35.212690
30.306173
21.416838
24.145072
35.105237
20.147100
22.297434
21.061084
22.105307
17.945757
17.305044
16.619188
16.625298
15.045292
16.315244
15.277357
14.885960
17.718270
16.160686
15.510405
15.843264
17.012746
13.711007
16.405888
16.743082
16.059716
18.042875
17.173411
15.304356
15.947631
15.915597
12.425257
13.206419
9.948253
5.276432
11.543316
-1.044461
-8.909058
-3.695730
-9.887137
-12.652183
-17.567113
-20.906497
-25.041322
-33.735769
-30.788956
-33.169178
-30.529293
-27.907397
-37.755610
-33.457204
-38.852285
-39.294912
-38.712914
-36.645216
-34.161985
-37.578698
-39.801723
-35.619191
-35.475573
-34.643297
-38.832578
-33.517347
-30.110264
-19.645647
-12.445868
-19.275876
-15.551627
-9.917792
-14.270029
-11.457640
-12.289125
-12.625724
-2.079540
-9.182820
-7.789711
-5.827339
-2.992684
-2.720143
4.064410
1.226746
-9.969609
3.522538
10.483115
10.709661
13.925907
19.062047
15.730542
12.728335
12.857722
8.884490
9.945752
11.652006
11.840153
18.999154
30.182520
36.092935
47.195514
48.991308
41.141058
41.724412
42.912292
50.660570
49.793464
48.986765
51.860862
52.143547
48.631171
46.652990
47.224317
46.982956
41.788397
38.578221
37.246667
43.665545
39.860836
47.699311
42.746224
47.561311
45.575597
44.441652
38.960015
36.094420
31.356273
27.919036
23.214768
20.436561
22.994021
26.076329
21.668691
24.819649
10.433659
1.622458
-10.484224
-8.872661
-16.042349
-17.547613
-20.023296
-20.046699
-21.200906
-20.398346
-21.098500
-21.842691
-20.431790
-18.498529
-16.644580
-15.850969
-8.151395
8.782220
17.381376
22.718346
23.475739
30.636236
22.303010
20.901274
19.071430
18.830249
14.832669
12.762305
1.017018
-1.719098
-25.522129
-37.868439
-50.407533
-54.918252
-58.076760
-59.495261
-54.140606
-46.912800
-35.692409
-30.751815
-25.650629
-23.782458
-20.726519
-19.851849
-22.050144
-21.918012
-21.180001
-22.691865
-22.857782
-22.491082
-23.099860
-22.182593
-20.144151
-8.317760
-3.331441
-1.800191
-7.730049
-11.680196
-10.242249
-12.791771
-8.143871
-10.207349
-8.552435
-1.701006
-3.376899
5.114174
8.904563
9.262235
16.013168
26.334835
25.359533
27.147916
26.958094
34.481533
36.923681
44.485454
42.343071
38.404610
32.231850
33.002585
31.031110
33.214618
30.794716
36.427686
35.938302
32.313694
31.457384
21.709225
29.634837
27.954321
28.612766
21.610801
16.076551
15.811508
14.078476
15.388326
15.395138
15.531782
17.714392
19.999043
22.764810
19.076850
19.402627
20.103215
19.445271
20.894641
24.730015
32.146223
32.002556
35.113557
40.204015
45.356035
49.522263
46.372798
47.677622
43.912320
49.903947
48.033202
47.576867
47.571362
49.158438
48.081853
48.866956
46.833163
45.642844
44.044464
47.350079
46.812677
49.344551
47.687018
40.146961
38.587847
45.049199
44.847141
50.449481
47.583740
52.290202
55.039186
53.014153
51.216091
51.612656
52.769523
58.073037
55.016021
52.577790
50.563301
50.030548
42.963007
39.107497
40.425939
33.448202
26.652861
31.581481
28.703539
24.876782
28.266958
15.046658
11.073607
15.281797
22.325931
18.305106
21.769311
23.870328
30.669057
22.606133
20.873508
12.317938
11.806640
7.566285
13.041179
10.215074
10.991824
11.678577
18.160030
5.955890
5.675554
-0.019317
2.436440
-9.402003
-19.314116
-16.781114
-7.133644
-12.862080
-13.638744
-14.976156
-0.419074
-7.295479
-1.335361
-5.687908
-9.024442
-10.131751
-2.586886
-8.734286
-13.073957
-16.413417
-19.782728
-27.141745
-26.473028
-33.218205
-31.130447
-47.413263
-45.400144
-40.862585
-41.412816
-43.035086
-40.301047
-31.880825
-25.202998
-19.181741
-9.996345
-15.128195
-11.007970
-9.788496
-4.837402
-11.021547
-2.479156
-7.318741
-3.752155
-2.672156
-6.343744
-7.903042
-5.783948
-17.122332
-23.012402
-20.916037
-19.860958
-20.974415
-15.364882
-18.469113
-5.163795
-1.075863
-0.439704
-2.892206
-3.817337
-3.831846
4.231807
1.275382
1.466215
-2.395359
-3.520426
-9.843505
-7.351153
-23.861605
-26.319089
-27.678210
-34.899225
-19.969056
-16.303661
-13.845133
-6.927118
6.310064
16.939652
25.322966
40.442018
45.909732
52.680711
53.576460
54.367388
52.997911
53.187967
52.970003
52.813581
54.058100
51.977701
49.532926
46.712870
45.337694
40.368197
42.396113
46.327485
49.672389
43.052427
48.526822
51.912858
50.874100
44.724281
40.813973
41.526950
37.498039
50.098200
37.870972
42.318230
33.554253
37.138684
23.415893
31.927661
26.997001
21.081150
18.095172
14.969812
29.657835
29.869170
33.348022
37.873490
45.369262
46.743512
49.255566
47.756951
50.140478
47.435303
48.428847
49.003066
49.913377
50.882366
44.529481
35.785098
35.999181
33.010345
34.329485
37.638757
34.869627
36.857430
33.051770
32.063150
37.117610
27.004173
31.501596
36.072960
36.774630
34.357047
34.247431
35.735069
30.007460
31.632930
40.941585
31.217299
31.169933
29.030724
22.246704
24.043108
25.450514
27.295545
27.806038
23.029872
28.295537
24.525604
24.298860
16.959613
22.461463
23.793396
22.000001
28.576412
33.054966
19.692363
19.390096
14.095812
5.390980
0.567419
-1.058673
-10.417503
-16.420843
-17.124403
-18.096873
-19.594172
-19.144137
-17.387716
-16.449790
-5.699436
-10.386370
-8.885634
-9.481840
-8.033542
-5.813583
-6.948164
-5.106930
3.591780
-1.524079
-6.324888
-12.471566
-13.693584
-16.529964
-18.417496
-19.702052
-21.449304
-19.882814
-19.462922
-24.235408
-36.245005
-47.388119
-56.613672
-58.197290
-54.375978
-53.123797
-51.844663
-47.927197
-49.865526
-47.822512
-40.571917
-30.135979
-25.995970
-31.273449
-35.892274
-47.274847
-38.327218
-40.355262
-38.650282
-51.003036
-54.965437
-54.834158
-54.415827
-51.628381
-52.722758
-53.376261
-54.342629
-52.679667
-53.593732
-50.208646
-48.160267
-55.096334
-52.986964
-57.304745
-58.596322
-55.059204
-55.739070
-50.786901
-50.123115
-42.718369
-40.870580
-50.680598
-50.209185
-47.032562
-52.084965
-42.446322
-40.106590
-30.287008
-22.564254
-13.907986
-8.725142
-5.689495
0.221069
-8.997653
-5.422569
4.269185
16.615521
15.432674
29.500399
38.985693
45.852023
47.283517
51.077895
52.008969
53.161768
51.040693
53.216668
47.778297
41.114975
45.619990
45.375510
52.663871
54.498274
50.058570
50.276443
49.114681
44.398510
33.896922
33.438056
30.157553
46.019298
39.245494
41.973508
38.577023
35.306868
36.603666
36.550959
34.867828
30.555765
29.911207
27.882546
25.438600
22.893003
23.248492
20.271583
22.299958
20.387444
19.167106
18.605329
13.558091
10.463589
17.016913
19.440504
20.781644
25.544340
23.126717
17.139011
13.178662
15.368446
13.860447
12.308189
8.265570
9.930740
9.363790
9.722880
7.280850
4.874061
5.742927
16.347377
21.580637
26.613190
39.687018
39.333932
46.675028
45.069379
34.925954
20.806082
17.278499
15.856087
16.672498
10.178701
3.203964
-0.085521
-4.062276
-17.394383
-21.535326
-15.997500
-15.786081
-2.428226
6.301520
10.204039
5.015020
1.126964
1.907721
-0.631557
3.780363
2.714694
-0.881604
-0.043229
2.942178
-2.446733
1.040710
3.658678
2.738063
1.043104
-3.675587
-1.293910
-12.173131
-6.939379
-9.654621
-9.386076
-4.976259
-9.432411
-6.813169
-13.152359
-10.317846
-6.940443
-1.517748
-0.488247
9.763952
19.300684
35.129823
44.733989
53.845044
49.933693
51.825836
47.436363
45.499180
41.621121
38.882866
38.550166
28.365634
26.821545
23.089587
26.533159
26.531867
31.101764
34.618931
39.415738
44.118860
52.650365
50.149653
45.371363
40.974766
30.544565
22.925302
-2.901616
-12.499888
-19.904567
-38.100545
-33.435126
-32.905074
-51.258718
-60.113267
-52.830770
-52.637682
-53.151543
-50.805806
-50.456728
-46.427953
-55.082707
-45.767077
-41.320599
-44.671206
-38.111871
-32.728921
-18.076133
-10.664386
-13.576248
-10.348958
-18.308335
-17.584075
-8.012257
-0.926711
1.095219
3.405259
-2.751069
2.282191
13.631567
14.716289
16.864610
5.739238
10.941430
10.746386
14.179504
14.334238
12.787475
11.060032
8.865845
12.557582
16.470611
25.513627
30.720684
34.888881
32.857821
32.394530
28.192455
34.187271
30.609714
25.414866
29.098879
19.063019
9.933417
6.969763
2.178120
-9.612954
-14.524668
-13.109009
-10.298206
-9.617816
-23.577425
-24.897527
-37.347601
-32.921115
-28.271922
-21.688389
-26.000326
-37.584137
-34.890585
-31.723540
-43.021915
-36.487724
-30.052059
-37.625631
-26.567820
-16.260659
-14.169379
1.104518
4.117784
5.334017
9.577607
-2.005875
-0.369643
-17.747431
-26.173762
-32.526604
-31.600455
-34.901076
-42.118637
-51.502469
-44.099212
-39.423187
-41.212682
-41.208735
-41.737017
-39.861440
-35.164484
-24.790559
-28.377966
-37.456607
-33.822635
-38.135480
-47.639677
-50.861976
-53.388272
-48.399337
-50.622838
-52.534909
-48.309582
-46.140919
-44.709113
-45.128077
-41.434655
-34.833839
-33.726817
-29.789039
-27.350905
-22.484702
-18.471281
-18.275244
-11.223400
-13.936699
-8.673164
-15.487002
-17.091779
-23.504315
-23.908850
-22.861429
-24.914249
-28.619666
-31.034665
-32.375226
-31.503097
-29.721791
-29.925377
-29.540797
-26.900833
-28.292348
-25.506433
-26.276537
-27.634507
-30.369730
-26.208416
-27.043082
-32.466430
-36.570903
-36.317664
-34.802274
-27.029212
-24.251853
-21.656397
-24.047026
-22.565699
-29.770278
-35.096933
-29.497029
-20.895698
-1.254831
-6.138599
-2.197542
2.303904
6.948442
9.417132
13.169475
12.754568
14.650693
14.819469
15.204038
14.355472
17.128767
17.146973
18.474033
17.228557
20.000037
24.185267
21.972440
23.008763
21.512246
22.707901
18.397651
21.747259
21.363637
27.536253
33.189016
39.189158
44.799901
40.824291
40.610058
7.737890
-0.359229
-23.890370
-30.269457
-37.186215
-37.302455
-31.974213
-21.073848
-25.369016
-31.723128
-27.335370
-10.374376
-12.560129
-4.445725
-1.393547
8.520140
8.824622
12.868958
17.427723
13.640667
12.640473
17.660130
14.453837
16.704055
18.577269
24.227448
26.011849
26.703620
27.022226
32.366668
30.536637
27.871623
33.801744
31.345879
35.513102
38.136067
40.842103
42.058512
34.242296
29.650017
31.176690
23.862968
32.474804
35.521480
20.121399
13.867006
1.236899
-1.115585
-2.773233
-12.620740
-10.873729
-1.446364
-6.656605
2.524290
4.745971
16.984751
16.789998
32.058677
39.101964
45.885848
54.821059
56.194428
56.781235
55.665577
55.252301
49.498680
49.715669
47.775733
41.408844
44.046290
41.478576
39.368768
36.252336
29.097997
33.578993
38.720494
41.954683
40.221191
44.977109
48.216763
48.124201
44.428214
48.296248
37.887202
34.983363
41.163196
40.810825
41.902239
28.548607
23.555369
30.184599
23.271155
28.552678
20.945614
23.553863
22.153860
25.951422
14.094716
10.219859
-4.871683
-4.757725
-8.208505
-3.373759
-0.438338
1.280319
-4.666019
-0.167027
-5.524286
0.266909
1.683614
-4.334918
-0.385815
7.354410
10.902149
8.512103
11.746519
20.343116
11.607496
15.555297
12.653440
13.571300
5.160804
8.340161
-5.292567
-6.516137
-11.422321
-7.040287
-7.872404
-3.558701
0.612986
9.684062
-4.187720
4.884393
-2.246663
-9.080362
-11.545078
-8.957487
-10.500992
-3.251717
-4.714473
-0.096736
-5.462762
-5.854198
-0.960050
-2.036850
-3.954398
-0.492894
-2.569931
-0.183116
-11.215243
-6.329276
-7.784577
-9.594274
-1.250855
-3.123661
-0.111163
-0.001801
6.178073
-4.150302
4.815359
8.267821
-9.284825
-22.132574
-17.739928
-20.527654
-18.418263
-22.764088
-20.314445
-19.304307
-13.287272
-10.976466
-2.109899
9.425391
8.652158
14.055175
13.730037
20.128332
27.699925
22.483471
24.728198
24.617764
23.710889
24.904777
24.109561
19.863082
10.494313
2.506081
-1.879168
-11.274179
-15.036433
-22.239347
-18.533564
-28.022409
-26.284927
-25.068493
-23.254016
-22.626587
-32.557463
-23.226345
-12.053689
2.379535
0.893567
4.532422
7.204630
12.675597
19.006195
11.033050
7.168774
6.659240
5.886008
11.450841
3.099075
5.535589
-2.847288
11.439810
-3.341828
-7.212890
-20.933461
-22.463841
-25.443685
-27.729863
-18.397233
-7.763654
-14.957925
-23.958399
-8.625862
-0.429716
-7.668709
-17.756170
-18.915187
-28.986430
-35.665830
-31.752197
-40.024184
-37.254116
-34.785617
-46.368548
-44.565419
-39.877505
-41.579630
-37.788859
-41.657395
-40.515784
-39.459586
-40.486120
-41.557785
-44.872015
-46.487423
-34.218126
-32.413563
-32.457884
-22.619480
-14.461710
-1.726129
11.587677
18.670892
6.728503
4.528786
-0.028327
3.621498
-6.272104
-13.267879
-0.569715
-2.999601
-5.395815
-9.030610
-6.863074
-11.201505
-15.671395
-16.186392
-15.424493
-20.563336
-20.869931
-20.497556
-18.884649
-18.817312
-17.186203
-20.588764
-16.170792
-19.973281
-19.407070
-16.667371
-15.558100
-12.426766
-15.163336
-18.158181
-19.010272
-18.843629
-21.101099
-20.677526
-20.151728
-12.944558
-7.906298
-1.104445
2.604107
0.272096
6.488915
-6.948666
-14.046489
-15.524099
-16.758109
-17.772895
-18.391858
-14.235026
-8.954639
-8.301616
-4.325257
-6.953449
5.700799
-0.335736
12.428181
13.512637
10.199772
-3.175373
-2.019097
-11.680225
-13.616293
-9.733415
-15.152186
-17.398280
-12.079951
-2.114116
-5.712328
-4.304779
0.833972
-9.908014
-14.553735
-16.955067
-16.923869
-20.732893
-23.332895
-29.718865
-39.570452
-48.347779
-39.509353
-22.494563
-17.214759
-12.568106
-9.016321
-11.312803
-21.252408
-30.609410
-37.220368
-36.606448
-38.331010
-32.559292
-28.895882
-26.257025
-26.658951
-21.749088
-23.900827
-19.715562
-15.006489
-16.156256
-11.226464
-7.681744
-16.439747
-8.525367
0.770753
3.126279
-2.443541
3.446395
0.217101
2.905430
-0.109294
7.736321
8.662904
16.019341
29.684708
40.186367
47.668080
51.117075
50.950675
54.681716
52.605262
52.429053
54.398372
52.807070
46.317013
49.810620
50.550814
43.421664
32.730049
32.516715
32.172095
34.745240
42.715689
33.631256
27.197886
23.264307
20.120098
19.632646
19.619041
20.682257
18.683923
14.949178
14.886695
13.312178
12.352510
13.887440
13.404966
12.748535
12.642276
13.927721
13.568624
13.250192
13.933100
11.624116
14.452003
11.327158
10.336458
5.275065
6.110510
-4.943399
-16.356005
-13.863887
-11.936944
-12.899549
-17.776098
-18.287810
-19.189602
-19.165129
-16.202113
-20.448127
-20.477292
-20.644113
-21.363300
-20.805356
-20.538505
-18.508798
-19.826093
-18.077579
-21.000298
-19.965185
-21.816929
-23.201800
-22.321757
-29.677293
-39.548307
-41.963529
-30.293487
-33.789193
-36.819712
-45.409843
-45.197597
-48.586081
-54.589407
-53.618275
-56.818889
-57.166545
-56.179963
-51.203438
-54.830931
-54.713668
-55.165493
-51.822473
-52.764713
-51.753224
-54.765718
-50.704135
-46.117126
-49.844637
-47.397590
-41.036821
-29.007041
-22.930922
-22.658272
-15.291825
-13.260208
-8.655832
7.204049
18.221916
15.565268
13.441646
8.827264
-1.581222
0.951432
0.213842
2.003082
9.440955
6.022719
14.844720
17.213015
15.829505
15.832214
19.522731
20.576852
19.777309
19.138833
20.099358
20.162111
23.931444
25.919008
32.448411
34.288263
45.290492
45.426759
44.324128
26.298640
31.984351
28.844860
28.618508
25.815053
22.233821
22.603629
22.345492
19.951875
17.717889
16.732990
16.870013
16.513303
18.015528
13.141392
19.715773
22.575088
25.051136
11.139231
27.432629
31.513501
23.054788
34.848388
33.883380
35.846991
27.550422
20.409458
24.997761
15.143061
15.826980
20.844880
9.680614
-4.323958
-14.813305
-18.473699
-15.503286
-15.658797
-20.101296
-24.496287
-25.025541
-23.515546
-25.178988
-20.151872
-19.277551
-19.283071
-19.798427
-19.724280
-19.904118
-20.641378
-20.219466
-20.035475
-18.361331
-19.481202
-19.706512
-18.911795
-19.334917
-21.347153
-17.980834
-25.925010
-22.603397
-22.499679
-20.182069
-14.618147
-15.334764
-14.047473
-0.727472
10.260350
17.917608
18.198757
18.874974
13.513269
11.640970
13.185044
13.134239
12.887904
12.220012
12.347771
13.275957
11.179584
11.595985
13.933154
14.539585
15.631389
15.736109
15.342216
17.047552
18.816511
20.942239
21.530433
20.600441
22.909534
24.562288
26.467874
26.973174
29.188093
36.655432
29.730239
28.615645
35.654513
32.252027
38.233750
37.920315
35.788805
31.138372
17.406198
5.280827
-5.005177
-13.827008
-22.142365
-21.806054
-26.772681
-25.450163
-25.074876
-25.689493
-29.010170
-30.911019
-30.001113
-31.324292
-30.550959
-33.622474
-33.913370
-30.275576
-30.311241
-27.159398
-26.203555
-28.689447
-25.427557
-26.012360
-23.604251
-20.838696
-19.283249
-15.733763
-14.096581
-13.334190
-5.751762
-8.805304
-1.580871
0.945998
-9.244063
-5.543085
-3.335118
-0.674635
-3.242070
-1.295187
-2.639608
-0.483190
-0.635442
4.191185
3.321151
9.822013
10.567700
18.048984
15.114838
15.907670
13.260047
13.684940
11.785281
18.680022
17.882980
23.805289
34.010996
25.025043
47.205174
51.763462
44.062305
46.799222
47.310090
37.421863
21.952392
17.524138
14.496979
14.674635
17.539729
15.019631
17.620834
17.294209
15.536307
16.469687
17.123047
19.468685
18.278286
20.447487
21.079405
23.403534
26.659778
32.977542
45.864403
47.665808
51.274924
53.276598
53.649589
51.550470
52.237566
51.199541
50.296779
34.823514
38.460029
40.519352
41.601582
44.013606
46.411901
45.023303
42.120400
33.680179
35.826818
29.475306
24.689126
24.807655
16.954361
15.477270
9.462006
11.553708
5.146776
2.463595
6.178375
8.683668
15.495449
24.335628
30.303736
42.192695
41.809106
42.990640
38.364694
40.446566
42.464584
43.581749
47.438977
48.224180
49.430122
51.483731
47.297438
52.625543
51.478693
55.314395
50.117140
47.360689
42.554120
29.136914
27.307657
27.037888
32.209946
39.340022
47.621594
50.797999
55.625978
55.091796
53.388022
46.480419
45.780589
38.578440
26.700298
13.554347
11.091401
5.599889
-0.586417
-2.894103
1.575864
-0.819959
-3.280878
-1.473463
-6.560679
-0.740035
7.502636
24.710623
31.065767
33.117494
44.545291
46.357235
52.260184
56.656805
52.971492
51.760470
48.586289
53.509437
52.318239
55.147578
52.491131
53.582839
53.972649
54.885251
50.060377
39.850619
36.519337
26.383643
33.056372
16.449849
7.477367
18.969952
7.011333
9.543199
17.253638
20.816316
32.268780
43.053376
41.907710
46.259388
53.509808
54.761264
53.636065
53.600207
53.587693
54.395199
51.344781
47.799463
32.882785
32.687266
26.368599
28.303765
21.408253
24.923773
16.383141
17.305577
9.504484
-3.121772
-1.498171
-7.908744
-12.544733
-14.485937
-13.213415
-9.234249
-14.278065
-16.822173
-16.179649
-20.784497
-16.373427
-21.121165
-22.873832
-22.005581
-25.075172
-24.279062
-28.044937
-34.040953
-21.324953
-17.094506
-13.269967
-20.095665
-28.930741
-26.078115
-25.359177
-26.931539
-23.571459
-35.857282
-32.227336
-26.510359
-14.106501
-12.431325
-10.035446
-9.616422
-15.494163
-32.047556
-35.622100
-44.581356
-52.896401
-54.093495
-56.365048
-54.700617
-57.314622
-56.934148
-54.478839
-55.351931
-58.038095
-57.328401
-57.400136
-55.110833
-55.632990
-57.444453
-55.797244
-58.309105
-52.212803
-56.294788
-54.351728
-56.560215
-52.039288
-51.496463
-50.718235
-51.172777
-53.202937
-51.440110
-49.306329
-46.283870
-40.957677
-40.884608
-40.859044
-31.373589
-25.242941
-12.973870
-13.702410
-7.167975
-7.457572
-4.882117
-5.138611
-10.503292
-4.886231
-19.234544
-21.877166
-21.507399
-6.808656
-7.442253
-2.973058
8.532738
14.139065
27.294778
31.421525
45.433954
48.989732
46.405106
55.201634
51.691874
54.055153
48.792459
39.871777
33.727158
26.547093
38.609971
38.765838
35.456944
26.182772
28.243129
32.995257
43.524682
48.486676
50.888739
51.902524
50.606232
43.244115
46.428111
45.081419
45.161418
34.804116
31.009082
21.982659
13.690794
14.392294
4.615920
4.970109
5.680443
8.009284
-0.639506
5.259308
10.407792
9.574054
21.079318
21.348812
16.575265
26.491353
27.346293
33.731237
35.979875
36.575874
44.636038
44.831548
48.659259
50.955402
49.318460
55.041316
55.493670
53.956913
51.713886
54.694221
56.141197
52.507686
47.371265
48.547868
50.763792
45.420414
47.314952
38.868280
37.108575
33.604108
30.046189
27.018378
29.729163
30.885641
25.972703
20.672485
21.372619
23.662967
20.485971
15.571719
9.405977
8.341164
10.785348
5.003830
5.062275
2.669925
2.686882
-3.358477
-0.324354
-4.065797
-6.961479
-10.447747
-9.139817
-11.910501
-9.634258
-9.480753
-12.928361
-6.718736
-1.886494
6.577871
11.894132
12.235814
26.808797
22.430123
23.351290
28.678219
34.049720
32.764190
38.081103
44.183365
49.431876
46.440732
31.109205
28.530408
34.481698
27.221863
34.711323
31.376821
31.899964
27.876473
29.372968
22.673750
20.915612
36.126014
36.860594
41.052980
52.117834
53.633199
53.592398
52.548848
47.753506
47.848416
51.637115
49.433298
48.827104
44.797703
44.634039
45.933520
35.012721
32.062691
24.013557
17.799277
9.074750
4.620186
-1.890733
-5.169099
-8.193377
-11.270993
-13.558493
-15.471891
-17.015590
-28.967016
-30.615618
-37.586448
-46.350570
-48.592894
-47.297663
-50.532853
-49.428918
-45.177538
-39.876313
-43.459116
-46.669650
-47.336211
-56.841629
-53.756724
-54.868590
-58.430500
-50.270486
-46.323976
-39.712423
-41.698900
-52.018832
-60.648764
-60.521043
-61.350153
-57.498027
-55.611175
-55.061182
-51.229388
-46.883955
-49.788799
-43.246194
-33.231437
-23.422454
-20.684135
-10.496623
-6.355835
1.876448
4.412035
10.487079
13.003043
21.674329
26.760717
25.031137
28.995782
27.571986
23.731127
23.562464
24.749551
28.757120
26.270215
25.334100
25.578053
24.900869
25.530573
29.582902
32.521190
34.257225
30.746580
32.742791
30.810957
34.259951
35.574820
34.849823
26.104325
24.299999
14.135732
11.223834
18.303091
11.392815
9.446904
5.297503
12.891442
28.291054
28.504991
37.805326
45.806038
43.243292
39.466578
34.758303
35.322760
33.897902
37.145026
45.581188
51.706690
50.895827
45.048345
46.085608
46.299984
43.418592
48.834273
50.832698
54.745438
52.676515
50.997932
46.778494
48.211404
36.208429
32.070657
37.494663
29.914662
26.222266
30.369776
33.069346
26.021711
26.179023
28.159961
28.472060
26.939712
29.782471
31.457080
40.422494
44.135746
40.947360
46.369566
43.200741
42.938333
39.797306
40.497655
40.340091
31.958839
38.727587
33.362058
33.850023
28.315474
35.591413
38.283614
26.850923
29.555764
30.585018
37.564244
35.760157
31.688427
33.024830
28.525085
24.254897
28.872161
28.570048
34.080642
38.346894
27.808548
25.655695
30.486637
29.379649
27.190751
29.013441
23.541073
28.191809
28.533181
29.415379
30.439689
33.987579
34.035540
35.643503
28.823353
23.749349
28.149759
22.941777
3.253953
-1.424988
-6.902762
-16.672504
-16.595516
-21.070385
-20.966589
-21.580445
-20.668876
-22.030873
-12.290740
-12.430849
-7.515867
2.932732
10.701773
20.341562
26.651286
34.732512
42.343944
44.492089
46.703163
48.941367
46.725558
50.453859
48.851392
52.450515
51.101068
45.146716
34.790920
28.530237
32.307678
28.874617
25.301465
21.967338
18.870265
14.159300
11.587482
7.802973
0.035956
-5.803244
-4.797051
-13.795276
-11.066875
-15.252794
-13.748725
-9.106993
-23.788246
-26.814428
-29.027318
-31.616191
-27.381755
-34.630578
-30.336512
-31.500339
-27.247231
-26.220188
-23.943086
-24.606101
-23.962058
-25.902668
-24.147227
-25.479060
-24.817723
-24.599038
-23.095499
-23.225537
-22.677375
-22.561648
-22.170434
-21.357937
-23.152790
-23.730399
-22.459366
-22.156035
-22.165478
-22.782961
-23.946303
-22.662732
-22.788247
-21.509042
-21.641076
-22.520082
-23.108910
-23.183626
-20.856985
-21.137397
-21.732292
-22.394752
-22.743737
-20.857929
-21.544320
-21.734835
-22.766392
-22.455228
-21.227835
-21.719279
-20.878076
-21.265361
-20.879878
-21.714601
-22.002828
-20.172677
-17.868908
-17.846215
-6.867993
5.236373
15.381402
23.254422
28.575479
41.983240
41.523653
45.240542
46.130988
52.439198
45.384357
49.864067
52.283436
48.941280
54.147862
51.434735
49.211116
50.062114
49.629658
49.157298
51.571354
48.399099
47.329078
42.775905
46.536547
38.325336
34.571869
33.787799
32.242381
35.561364
30.609688
31.628713
34.293517
28.222330
29.387310
26.220336
26.813719
28.142214
26.755712
29.202183
22.364707
19.884285
19.755799
15.718516
9.928722
2.530641
-3.963941
-14.737493
-26.048862
-31.941014
-33.768754
-34.733934
-42.561591
-47.609144
-46.690216
-47.133296
-47.926923
-43.332517
-23.389675
-32.664813
-32.612002
-27.163689
-25.329111
-29.271441
-28.435481
-30.729873
-29.200260
-30.772970
-30.648467
-33.576503
-25.383990
-30.358886
-37.927848
-33.513730
-18.928247
-21.043322
-8.688972
-13.339839
-6.967907
-0.539927
2.710333
7.901333
13.567610
19.667992
17.514201
21.240057
20.355428
37.433019
36.999347
36.385364
32.550991
39.989682
42.637944
43.841747
39.219637
33.086791
33.012929
27.642169
34.305179
24.052845
18.903176
14.317406
7.285229
8.289308
3.654665
-4.627797
-13.633412
-20.944578
-30.431852
-34.220731
-52.765898
-54.226024
-61.213688
-61.564621
-56.872354
-58.943044
-55.352466
-53.314533
-45.679182
-44.947940
-42.196537
-34.636059
-45.229461
-33.986009
-34.016743
-36.583416
-34.013053
-36.483968
-31.239022
-28.015715
-33.351191
-36.068085
-36.464561
-28.328022
-33.845049
-36.093324
-43.715379
-48.713029
-47.335524
-38.831301
-48.019470
-43.875357
-40.037800
-47.547535
-44.072060
-57.283747
-55.756683
-49.410474
-50.087301
-55.266627
-61.158887
-55.008849
-52.936758
-40.257937
-46.849088
-34.309842
-28.843014
-27.320445
-21.542115
-17.007506
-17.574509
-6.652679
-8.651079
-5.169357
-1.503560
-1.504398
-3.957721
0.319285
-4.716430
3.854013
12.962844
15.835790
21.884362
37.254212
33.188010
47.931943
50.944642
53.677956
53.318832
54.113676
44.856233
43.288967
48.139615
42.880030
35.873202
31.731360
28.204802
17.816987
22.751455
16.522407
20.211461
17.835454
16.875710
11.284242
10.485098
10.454365
8.763221
11.388879
17.973196
22.768864
19.770586
17.353224
24.804372
25.609856
31.449964
29.579430
34.404445
31.475681
27.032979
28.208885
23.424466
27.965683
39.358412
29.022750
13.096805
20.446235
15.070281
10.078186
-1.096098
0.727816
-5.291787
-6.139773
-10.111215
-9.343535
-15.890110
-15.324415
-19.201258
-16.706565
-16.013610
-17.422136
-13.093632
-5.727421
-5.207447
1.260586
3.839823
6.251395
3.501158
14.436568
12.662967
9.623562
25.049983
17.464632
32.857109
31.890079
29.640116
42.372148
42.329478
41.207475
39.552589
48.768487
51.843747
50.894566
48.015123
50.949615
51.154117
48.836244
48.143070
50.764936
50.948988
45.460381
31.928963
39.559702
28.838731
25.400459
18.611272
11.762208
18.876182
13.679641
11.254057
0.351678
3.239125
-7.553286
-8.621240
-10.912720
-8.591762
-10.623745
-6.319326
-6.574788
-6.121192
-8.846753
-10.243486
-11.967894
-20.295161
-28.399792
-36.441230
-49.442442
-46.197574
-47.652197
-48.562893
-46.404899
-53.787007
-49.903747
-51.617476
-54.137789
-54.134577
-57.035645
-54.507120
-55.330574
-53.854633
-46.506458
-48.247539
-36.518443
-32.617786
-35.713495
-33.444474
-34.730364
-33.873494
-34.681011
-41.989032
-38.208444
-36.495060
-29.403758
-21.702209
-15.899290
-15.524936
-6.088317
-14.070864
-15.668087
-2.041701
4.584049
6.121908
8.333907
14.056376
18.590513
17.280812
19.046891
18.605903
18.259836
17.105813
15.741778
14.977773
18.074962
17.666583
17.115401
18.331065
19.320286
20.033456
22.806246
29.572253
32.648758
34.638696
34.006637
38.899593
40.426659
46.587610
46.708528
42.510775
46.949504
48.089104
46.887491
44.719007
39.694869
38.262497
32.603892
35.347853
28.220095
24.420243
16.280618
22.581795
17.196994
11.269561
2.289161
-2.193819
-3.432317
-12.749168
-13.077496
-16.923209
-18.681641
-27.141446
-19.011738
-22.664144
-27.468097
-30.709914
-42.679137
-48.597092
-39.768027
-43.450097
-43.166242
-47.012609
-48.857062
-41.702653
-51.478732
-40.183678
-54.850719
-49.381165
-53.039646
-52.591996
-55.817476
-65.003879
-63.284621
-63.867841
-58.940191
-51.026761
-44.317111
-31.428896
-11.235980
8.348212
13.553007
8.045505
10.472023
8.139775
10.140660
12.383268
4.891480
15.006317
13.595214
25.069124
22.435505
24.848076
11.730045
9.827611
-8.092253
-4.283258
-0.460045
-8.664631
-11.895838
6.965802
8.137364
7.187399
5.273314
10.822555
12.913483
21.228565
26.981916
26.921146
27.346363
25.777630
26.159459
21.621762
23.172967
23.029874
19.738273
21.328268
22.384973
18.045968
19.922369
32.643659
23.528628
26.183544
25.339865
22.543067
23.002909
7.549971
0.977706
16.335239
14.061158
10.284694
11.885500
26.426465
25.802187
31.607631
33.492726
30.695521
38.892306
40.878886
35.967125
31.914069
36.277370
27.694734
29.315087
26.211122
33.602565
22.422967
22.033900
22.805174
20.624845
15.603502
21.598270
10.702572
11.069858
4.146709
0.859464
-5.686198
-4.368626
-12.109025
-8.933261
-11.109276
-11.895878
-9.679022
-13.205782
-7.978453
-12.857416
-2.746243
-5.454189
-5.139574
-10.521713
-15.224026
-10.502222
-12.334517
-14.274657
-29.045397
-27.926413
-29.624090
-37.304157
-36.504128
-45.260950
-43.321468
-53.150992
-43.997801
-43.004824
-37.076405
-33.323653
-35.056419
-34.968322
-33.121301
-29.757778
-34.312300
-39.874548
-36.130230
-32.770865
-44.165385
-48.046982
-48.740670
-58.813491
-55.032064
-56.157191
-56.747018
-51.951478
-51.631072
-54.096272
-54.033415
-54.232801
-48.572621
-36.005642
-28.553054
-18.469844
-4.446759
-2.438741
6.926338
10.269054
14.956728
17.552165
15.626476
17.159068
23.771514
46.438451
43.901953
50.095620
52.148777
51.189281
46.496564
27.223928
5.986927
-5.745282
-12.897645
-19.182324
-20.689073
-21.067361
-23.718523
-29.761745
-37.053875
-42.151929
-46.713632
-45.742135
-39.002934
-39.533312
-29.809237
-28.572748
-19.404508
-17.598672
-13.135992
-12.788591
-10.160891
-14.016426
-10.442203
-15.904471
-11.921824
-16.569974
-13.488930
-19.745468
-17.642796
-21.024856
-22.704306
-24.638334
-23.195545
-25.672137
-31.245824
-32.506604
-37.321650
-34.298784
-23.980604
-22.271358
-18.368101
-13.151621
-17.381960
-16.953866
-19.848125
-19.697050
-20.446751
-20.984185
-23.990825
-31.807900
-43.262940
-53.429281
-55.039385
-53.055483
-49.762874
-50.000302
-46.679243
-50.590506
-54.267698
-53.738319
-50.169274
-49.057473
-47.330457
-36.633947
-39.391680
-41.646899
-45.329552
-37.049333
-34.099947
-35.876593
-31.189356
-27.400486
-27.045036
-26.043165
-27.022590
-22.303640
-21.038545
-24.303855
-24.279925
-20.185375
-20.994946
-20.769032
-14.579152
-10.179816
-3.864832
4.808399
1.506526
11.063750
12.048697
19.346107
26.361590
32.679889
35.501998
36.652559
38.139064
46.732659
45.133663
42.208707
43.177631
43.090688
33.961113
31.694765
28.151096
16.248550
17.661369
13.518847
12.881252
5.499137
-2.981320
-4.801712
-11.740861
-34.031390
-32.900364
-43.511788
-39.850630
-25.191876
-18.586684
3.861673
5.720631
3.965242
-6.248050
-13.860627
-14.569403
-14.968806
-3.578077
-11.354200
-10.499128
-8.049609
-1.989003
-0.017662
-2.042028
1.624739
-2.154766
0.109422
0.267672
0.615664
1.288163
-0.112069
2.978635
3.407176
1.603406
-6.449858
0.386990
-3.150784
-7.926512
-7.423736
-6.086132
-6.074595
-8.220159
-18.183388
-20.015596
-29.190060
-40.296154
-54.911786
-59.165802
-60.157969
-59.347357
-55.703139
-57.005961
-55.606098
-57.476461
-57.977273
-55.044557
-54.451390
-50.936258
-47.356680
-50.374895
-47.967286
-48.216770
-40.167212
-39.376122
-32.328036
-28.250866
-27.888930
-25.696994
-20.161010
4.420772
17.124869
38.814539
45.010193
54.589856
48.501217
49.195170
42.830122
52.260232
51.390095
45.661737
50.326929
46.591363
44.593694
41.565479
35.523503
13.304668
15.850254
23.022151
13.626931
17.705175
8.596601
-4.562394
7.894852
-1.765663
0.572786
-7.187382
-7.604135
-12.604296
-5.761472
-11.643463
-16.274015
-18.780467
-13.813754
-10.023136
-12.450501
-8.027061
5.753524
25.696607
35.134955
48.770654
52.398662
41.345507
41.435950
43.927006
43.988872
44.566170
50.738513
54.027776
55.701715
49.497933
46.629519
30.417769
20.104832
12.337776
-8.419727
-13.740033
-13.929287
-17.325024
-18.150044
-16.467178
-3.294744
12.538341
19.818093
13.170623
19.710367
15.800403
5.365957
9.964858
12.088864
12.732730
23.724253
27.494756
36.265905
39.699947
43.268566
46.644767
39.336526
28.484861
26.863907
11.109545
15.951337
16.485315
19.310530
23.158521
24.671147
26.147337
25.417304
26.350580
32.150977
32.056246
32.593622
32.926207
31.849523
33.603692
31.479106
34.139417
36.512221
39.997486
44.800039
46.933625
46.703895
46.515848
42.652318
41.266021
38.601446
39.982061
34.171707
37.218676
28.748595
27.572607
27.525116
24.290350
23.672772
25.571737
22.753550
21.192344
17.116408
18.591971
17.265852
15.535452
13.346688
9.048132
7.063869
10.087106
8.971592
2.033894
0.172107
6.888970
7.735548
8.792319
4.081173
11.245058
9.012868
15.668933
17.350102
23.451653
23.812900
23.732219
23.295927
24.590468
27.104598
29.377337
31.793493
37.714592
44.022694
40.177325
44.602902
42.825039
46.353502
43.240729
52.431973
46.601126
50.389968
43.022639
37.132394
37.196875
21.851472
22.978695
26.396195
27.590815
35.457992
39.342359
36.130308
22.375764
15.665284
10.483894
7.228556
0.083100
7.739899
2.155822
4.777728
3.017693
-0.011339
-3.630902
-0.391897
-1.438724
-3.620327
-3.696906
0.785750
-0.080407
14.642267
7.014442
14.549323
11.667848
12.683846
10.638440
10.042945
-0.335378
-11.855058
-12.631473
-16.015233
-21.716726
-14.489363
-0.920102
0.297272
11.482962
13.710936
-1.261419
-2.278680
-13.941148
-15.840318
-20.815769
-22.451803
-23.782762
-25.272938
-21.883567
-20.764704
-19.905165
-18.472107
-21.907622
-20.985018
-23.084126
-21.271291
-15.843492
-16.728164
-12.855860
-4.397928
-13.818708
-10.924152
-9.701964
-16.194290
-10.348750
-15.892658
-14.440250
-19.459653
-19.462844
-16.768154
-19.604848
-19.784298
-21.173603
-18.486692
-19.726893
-15.760739
-12.491915
-11.778873
-8.521842
-4.350986
6.507437
10.950488
11.992925
10.518635
10.234210
11.649367
10.903342
22.391533
27.646415
24.685175
24.711304
30.029428
18.419843
32.004248
36.569159
40.687270
29.635997
26.880683
28.290808
39.895117
36.996599
39.101253
41.949909
32.880096
30.377065
20.000385
27.895616
19.615757
13.228089
14.767551
16.757460
12.920470
9.775457
6.352175
6.712610
5.648552
-0.526872
-4.863252
-11.884797
-7.415132
-11.209222
-18.521211
-18.848615
-19.367503
-20.243992
-25.929952
-33.902419
-31.085898
-39.630149
-42.144686
-45.368776
-49.443002
-55.995603
-52.854170
-46.829641
-42.312886
-44.139001
-35.360830
-38.525371
-36.345055
-41.638595
-43.261067
-45.202042
-46.185854
-46.136039
-42.268350
-37.677997
-29.448994
-24.259686
-12.280466
-0.099446
19.643980
24.509280
33.061496
34.176605
41.544094
32.249491
34.632564
30.589451
22.091197
20.080403
17.616415
13.957248
15.703869
17.769432
18.988129
8.337533
-2.917839
-5.451519
-4.524395
-13.817106
-10.395973
-16.814815
-16.223487
-16.149153
-20.247271
-20.701043
-20.413365
-20.785091
-20.698041
-21.059387
-19.120324
-18.269692
-15.247219
-13.273051
-12.995000
-8.361783
-0.412913
1.731700
9.169018
-9.207016
-18.025723
-24.104617
-31.336811
-39.693104
-44.736479
-44.666837
-40.646368
-30.203113
-26.238461
-13.496083
-9.146674
-0.012030
-4.936126
1.302471
5.547433
0.203097
-0.507673
-12.724300
2.043979
0.556852
4.285273
-2.799029
8.947624
2.937879
9.501149
7.381106
-0.852673
12.530885
11.061510
13.273983
14.815373
25.509290
20.513723
22.804920
25.667947
29.678322
29.390385
34.755005
35.540989
35.319386
46.182316
45.398484
47.339021
47.648579
50.768264
48.959598
50.306129
53.210576
50.126889
46.302128
32.358873
34.297547
15.103820
12.119447
-0.587092
-14.246127
-20.311786
-21.131408
-17.678906
-21.521258
-22.384808
-21.648896
-21.173191
-21.248996
-20.627717
-19.303344
-17.565103
-18.462382
-17.837233
-19.371993
-19.149219
-18.110789
-16.942761
-20.310100
-16.673859
-18.964577
-17.167402
-6.724126
-4.820165
5.369745
6.351444
8.443288
0.401930
-0.567150
-2.558658
-1.447011
-10.741423
-13.585892
-17.962858
-11.930852
-10.407627
-5.077438
1.392636
2.280800
3.780314
17.700344
19.509850
20.729519
21.837353
20.574299
20.974215
21.789550
24.079591
31.128644
32.368198
36.108837
31.450703
24.122067
29.417780
15.482455
7.670009
-11.207275
1.995119
2.575475
-2.309365
-12.783853
-17.349477
-7.197108
-13.856360
-14.030959
-22.312774
-20.420074
-20.507303
-17.113941
-8.820491
-9.284136
-17.737469
-17.467654
-17.422780
-17.178973
-22.055570
-20.796065
-19.310993
-17.329028
-13.803442
-12.752559
-3.891079
5.549822
16.199203
17.789806
26.582426
17.478911
18.220871
11.789440
11.645650
6.363918
19.738464
18.796418
34.222278
31.219914
38.461910
32.377207
30.860962
24.014887
21.444491
18.476327
25.950102
18.495870
19.787773
22.601755
8.242877
8.149704
-2.490969
-7.913241
-18.351300
-24.415393
-34.729593
-33.244219
-30.532851
-27.994918
-23.010692
-14.350620
-2.157792
-9.672264
-3.580822
-6.919984
-9.079226
-9.831186
-11.950105
-21.258949
-36.274353
-44.996569
-53.674837
-56.765526
-52.683075
-48.278213
-46.268676
-35.297399
-19.495194
-4.638078
3.878357
9.481785
11.076794
16.754910
16.888764
15.370382
16.557791
16.786808
17.471655
18.421638
18.637609
16.506246
14.459977
14.882339
15.359675
13.705952
15.566943
14.992041
15.685589
14.654343
15.411972
17.597622
16.467225
18.485119
20.153869
24.233283
27.301858
28.098663
35.957916
36.978755
37.604290
41.832694
37.885967
45.212395
38.758984
34.002435
33.233615
26.506696
9.601743
4.333417
-0.632086
-5.087961
-5.303550
-20.236472
-32.002989
-27.088816
-32.568625
-33.568549
-33.095933
-30.706301
-31.838569
-33.161403
-32.327361
-25.677600
-24.336660
-15.056678
-28.359282
-19.173963
-11.642384
-0.191305
4.323877
4.517993
3.417175
-0.110557
0.227310
8.225301
0.077450
3.470020
9.561239
19.672004
22.702883
19.182854
9.891497
2.657691
-3.008191
-0.270714
5.609373
17.631567
23.562439
41.285981
45.719540
49.731638
44.727040
44.377234
43.011600
39.985488
34.887023
17.014325
21.807243
7.697540
10.424760
9.056145
15.029264
21.329316
10.709121
-0.565207
6.088197
20.984712
22.004927
10.934194
16.085985
0.851620
-4.034809
-4.699788
-8.344052
-19.688101
-12.641370
-12.710556
-22.123776
-23.608244
-24.108839
-31.980099
-30.891719
-42.406660
-39.271881
-36.725765
-41.920549
-41.913588
-32.317590
-31.515064
-31.685886
-25.513061
-31.023100
-24.829243
-27.553222
-18.280295
-21.389207
-13.916174
-18.053202
-19.985930
-9.117097
-4.143072
-2.427986
-0.497361
18.807184
18.966900
36.250944
33.643870
41.786799
42.038129
42.094661
42.706831
40.897609
36.584736
39.341094
42.561964
42.104182
31.151059
38.227585
38.345367
32.415826
33.848848
39.414144
28.017281
35.007062
40.658356
37.489070
37.483832
37.870307
38.616500
42.460324
41.284882
47.452418
46.943466
44.911932
50.936035
50.629310
47.243710
47.689872
36.994888
33.319526
29.156763
26.404698
18.634190
17.864037
17.343240
17.447414
18.497486
16.439754
16.680192
15.179182
12.109535
13.942674
7.007307
6.794789
-1.488903
-6.894074
-12.371685
-18.169417
-26.205997
-32.771253
-35.687512
-40.171006
-43.539021
-50.969228
-50.670306
-42.395874
-40.716761
-35.820735
-26.231928
-24.393141
-21.125913
-20.088793
-19.508528
-20.504253
-18.645747
-18.101079
-18.875514
-18.589163
-18.659163
-18.818271
-15.465286
-12.966095
-13.594548
-5.426853
8.077789
9.853719
13.801177
24.003257
19.770804
19.607221
21.452904
13.442368
12.851339
7.746530
6.537224
8.210825
0.999805
8.449252
-2.283234
-0.852327
6.854383
11.902785
2.164682
6.566990
2.326156
4.903156
7.550082
9.638914
11.503733
13.353764
15.108300
19.853524
24.506577
36.264871
41.174119
40.201519
42.028546
32.566290
35.313655
32.726788
29.747031
20.811796
20.859743
15.663563
3.593228
6.997870
3.049700
-4.198971
1.192853
-13.313406
-10.018871
-17.599749
-14.900094
-13.829417
-14.142047
-15.388408
-15.282796
-11.301559
-13.257923
-5.690676
-6.103729
-5.797243
-10.312572
-5.211394
-7.298487
1.513976
4.576318
11.979064
21.692420
17.578507
16.860945
33.732059
34.166490
20.096136
20.418625
11.205054
20.272487
10.729226
6.886553
-0.065524
6.702495
-2.792406
-5.194925
-14.870168
-17.812704
-15.068167
-27.410821
-33.212746
-40.184118
-28.401223
-26.411549
-23.246401
-22.132490
-14.066838
-23.261774
-38.184622
-34.011955
-38.905971
-52.911672
-55.018459
-51.491371
-56.751304
-59.089351
-57.389044
-61.374942
-62.152221
-61.282394
-55.796066
-42.941284
-38.239078
-33.158723
-29.830685
-37.627351
-40.349666
-43.858864
-34.548615
-28.621644
-25.528937
-32.164692
-27.196165
-31.944406
-28.959433
-27.750632
-31.033242
-35.801847
-44.346765
-35.142438
-48.979043
-51.352722
-55.751645
-58.573614
-54.828398
-50.030830
-40.213665
-26.046486
-15.524649
-9.630755
6.648333
11.197953
10.275141
18.515540
22.406104
12.600973
23.956975
25.268723
22.735776
23.641191
19.023390
22.922085
27.757956
13.249230
11.589787
15.737903
10.737477
11.566900
2.650039
-0.763891
-16.087560
-15.850023
-28.774696
-32.783688
-33.580445
-38.008557
-41.553132
-38.503859
-51.579720
-49.628709
-44.218593
-43.843883
-32.986455
-37.464532
-33.676535
-34.179687
-27.243722
-18.206773
-22.259487
-20.759213
-27.472286
-26.188401
-28.216359
-33.867873
-41.711134
-47.478051
-39.011018
-38.101291
-21.057982
-20.924820
-12.446463
0.938832
2.863659
20.710487
20.636230
35.749741
26.712825
24.601745
18.696803
16.070322
6.033781
-1.140672
-2.005074
-11.102111
-13.688240
-10.705350
-15.198009
-15.594009
-16.291652
-23.080995
-27.105394
-36.695240
-33.149013
-24.700843
-18.526701
-15.154375
-24.227290
-14.011744
-13.333194
-6.037283
-10.335313
-23.650757
-25.795194
-25.767616
-34.936269
-33.857268
-34.134739
-34.760968
-35.419081
-37.350668
-24.586792
-18.732243
-13.498854
-9.121524
-12.293455
-7.118916
-24.948619
-18.882668
-12.987331
-26.845780
-19.078758
-18.037439
-23.592512
-27.262603
-22.093107
-18.391329
-16.105082
-16.986615
-23.065369
-10.074316
-8.092160
-6.339568
-8.051691
-3.466392
-11.008127
2.916970
-1.782150
-5.723803
0.495923
5.289354
8.867576
9.213373
10.166900
9.608661
7.457750
8.679874
1.535586
0.869825
-0.867966
-1.726168
-3.695928
7.255038
3.367404
9.206585
10.569141
13.268383
22.330167
20.121931
13.500123
27.474338
25.168247
34.471141
36.917722
36.971592
47.328526
46.785923
43.171131
36.868999
36.319434
41.215448
37.798533
32.138291
29.860988
26.618396
18.902717
25.518421
30.710135
40.020757
33.299593
35.662015
29.042322
26.438343
33.310034
23.675276
25.060223
21.844661
19.139821
20.627019
18.262425
17.261308
17.235098
18.553785
14.889910
15.866956
14.853327
15.995870
18.380530
24.361086
29.574535
38.393383
39.751179
37.611759
33.262396
38.380233
41.911309
41.719455
48.952331
40.173552
33.720613
36.350938
36.016890
34.931919
27.863354
30.244426
27.354375
24.310554
28.649163
19.755214
15.380296
8.629051
4.361258
-1.989531
-9.422978
-29.586080
-28.621068
-37.221137
-36.313776
-40.114905
-42.641258
-47.353158
-47.577879
-49.965256
-54.027538
-53.127628
-40.545361
-34.376042
-27.261221
-31.256876
-39.450532
-47.953085
-51.553298
-50.914745
-47.414173
-38.019318
-28.913478
-29.098863
-20.866382
-20.700508
-19.773249
-17.337042
-21.149872
-20.970823
-19.596897
-19.748147
-15.942196
-12.602504
-3.480203
4.045887
12.454378
8.407794
-1.942950
-3.342674
10.783298
18.270770
25.789274
18.255855
17.339555
9.664293
11.633579
4.180487
3.197589
-0.158911
-7.519002
-6.135945
-4.482202
-5.109198
-9.405941
-14.320700
-11.870769
-2.718540
8.360124
9.466693
6.278125
10.522182
14.549547
30.754878
26.039268
22.799578
22.805724
21.283206
24.865693
29.535606
32.337440
32.174221
34.527420
38.665944
36.266394
26.673343
25.138127
20.704551
21.527213
19.775120
17.457657
15.215245
18.260999
22.020373
23.066715
20.220477
16.604296
21.347887
22.552918
21.699193
22.309736
23.597971
25.966897
30.645378
23.079734
22.261679
16.312225
10.515191
9.377806
5.585465
-3.557562
-9.018873
-6.739643
5.939633
2.187812
5.579678
2.637759
0.364254
-6.416645
-18.599208
-22.451528
-27.555556
-33.194819
-35.284712
-37.292717
-45.241378
-50.299862
-49.716086
-51.049916
-49.727436
-49.984317
-56.463280
-55.349235
-50.682547
-36.837420
-38.645608
-35.266981
-32.717218
-19.406699
-24.607543
-30.299053
-32.820865
-35.724812
-34.546271
-37.824867
-37.894182
-48.199653
-45.494750
-43.244006
-48.385572
-44.933631
-44.205657
-47.687431
-37.319436
-40.837673
-38.359891
-35.664552
-35.135004
-32.615155
-32.501801
-33.213901
-30.369257
-17.045422
-23.687986
-7.243694
-11.786179
-0.081012
4.985128
3.378590
8.709641
11.935599
19.535236
20.643391
33.238304
38.334209
48.344250
51.955560
55.437711
53.569614
53.291836
47.743000
47.195827
49.214482
49.316683
50.413210
47.414611
39.349259
29.721608
15.136661
15.508308
8.360016
-6.117670
-3.024587
-15.072943
-18.608860
-21.192569
-19.588572
-19.768830
-19.862761
-20.197761
-20.185022
-20.890009
-21.121949
-20.557328
-21.383632
-20.566901
-20.636927
-21.480144
-22.076085
-21.526054
-22.031055
-24.441312
-25.597828
-26.119055
-27.497282
-28.241743
-24.998611
-20.777993
-20.491426
-13.502618
-11.164812
-15.504884
-0.229383
6.029855
21.636318
10.945389
12.759840
17.678776
19.535435
28.491718
23.701709
20.868614
9.907685
-1.658801
5.577988
-6.487887
-5.925985
-12.355635
-7.029114
-4.730106
-15.909560
-24.794272
-17.387795
-15.721840
-19.963015
-11.209919
-13.936615
-18.335049
-4.386587
-5.597842
-0.422286
5.014040
-0.602797
7.615306
2.949703
3.980509
-0.933301
-4.675414
-1.908561
-5.003619
-2.935559
-7.635560
-6.092004
-4.047794
-4.783375
-1.258671
8.451238
7.869569
10.137655
6.461742
11.608051
15.865134
24.800266
28.867796
32.554552
40.806192
34.668281
48.447186
41.694361
46.758044
55.163390
46.978031
44.299285
50.206569
34.507360
38.739114
30.517963
21.598090
5.681069
6.001191
-7.626355
-12.647241
-24.799274
-32.340540
-38.344789
-35.283194
-29.885891
-38.168430
-35.405184
-45.602793
-53.189672
-50.219169
-46.011744
-42.534972
-47.598379
-40.336586
-39.496230
-32.554153
-47.319025
-51.927939
-48.382336
-49.056747
-38.264958
-44.258626
-40.055607
-21.562748
-26.576466
-30.618406
-18.603236
-21.023268
-10.967061
-6.828967
3.644436
13.476189
23.317758
28.688459
27.034049
21.006206
27.539596
29.989293
27.346559
35.239751
32.731265
36.010827
42.641092
50.014078
53.021618
51.112835
50.858569
50.992003
52.702953
52.281584
49.473056
50.115984
49.277307
50.323422
52.921799
52.198128
53.720965
53.671169
53.994839
54.419643
53.658728
52.872180
50.888863
39.804985
30.012644
26.116037
10.099632
-4.977530
-6.384843
-13.600188
-14.972722
-19.629295
-22.557717
-18.014206
-23.663364
-27.080487
-33.539177
-34.732089
-35.014251
-33.874980
-24.488439
-23.235613
-11.084267
-10.807139
-16.034815
-12.208052
-12.524443
-9.123778
-5.957317
-4.591970
-12.194841
-15.789111
-19.418486
-20.292662
-22.376541
-21.476408
-22.235612
-21.851211
-24.257388
-25.272272
-24.572866
-24.461945
-22.385409
-22.759373
-21.585776
-21.726004
-22.219083
-21.339667
-20.315185
-18.686943
-19.031080
-15.034301
-17.397193
-16.722209
-13.793971
-8.238737
-8.728403
-1.343999
6.146562
11.800196
13.563130
14.988269
16.142155
17.990002
24.811377
29.950576
43.321722
37.504349
44.739566
34.183675
24.997570
17.898208
16.912794
14.544507
16.764686
7.705801
18.980776
29.148919
36.741443
40.941222
45.331577
47.722626
48.698185
51.064135
49.289627
48.938652
46.768241
46.320751
46.069497
49.058760
45.831847
