-0.366771
3.941709
1.249068
-4.627856
-1.340824
-6.501714
-18.109621
-22.719135
-10.977063
-14.019325
-18.628836
-17.209588
-29.871329
-32.498532
-33.034610
-30.349249
-27.188453
-33.371641
-37.814548
-34.609208
-40.233056
-34.474951
-39.502189
-40.007510
-45.887162
-47.080110
-46.829946
-51.375780
-51.410356
-52.359394
-51.048472
-46.231499
-43.055511
-42.382455
-40.947093
-38.786151
-38.784900
-42.450499
-41.031557
-42.889355
-43.624496
-36.025222
-41.927947
-34.705084
-40.483728
-37.285208
-26.845746
-13.472084
-13.985422
-12.529648
-20.988431
-21.579678
-32.062424
-23.724507
-13.122012
-21.280352
-20.011214
-18.599919
-22.483440
-24.682407
-19.004028
-25.072838
-30.812195
-33.024506
-33.600440
-37.398901
-39.100944
-37.374450
-36.615482
-40.566675
-39.231744
-38.191725
-27.418324
-20.893194
-21.906226
-7.036499
-0.577668
-0.270098
11.382590
22.134257
23.395433
22.273188
21.625704
11.283901
12.372101
18.042062
24.369824
19.158329
13.265220
10.349462
3.573982
4.221504
4.301466
7.408607
0.235463
-1.208884
-3.562080
-12.249407
-17.938266
-13.289681
-15.272738
-9.242556
-6.937061
-5.918938
-1.798881
0.890395
5.469334
11.453476
7.109734
-2.868258
-3.414802
-0.350619
3.254508
1.016300
2.292040
-4.932818
-4.720222
-2.805335
-2.626095
-1.773314
-1.052517
0.165026
5.782300
8.196017
8.675499
11.163301
9.709976
15.023500
23.013799
30.689395
32.722624
32.114332
27.581189
19.984257
24.666854
17.274786
17.894587
19.209834
20.133900
18.973854
14.293566
21.538994
23.843111
19.335949
30.369640
30.376534
32.888276
32.742521
40.044495
43.584862
44.913662
55.792847
51.720483
46.893614
53.040169
53.800340
53.230608
51.781702
55.206019
53.350055
45.333448
36.721865
29.913600
20.554645
10.756906
0.606325
-11.463727
-24.609972
-27.632929
-28.064116
-32.132730
-25.711739
-17.358346
-15.609871
-13.772392
-16.670081
-16.315378
-16.007687
-22.688555
-19.489163
-19.076450
-21.025416
-25.341494
-32.141112
-31.956959
-31.481058
-37.540644
-31.839579
-31.928752
-26.126411
-22.190755
-19.383948
-14.505326
-6.433778
1.060603
0.890261
-0.279918
-4.864496
-5.289202
-3.079067
-6.082758
-6.840134
-5.918218
-1.912084
0.917330
2.614950
0.779839
7.429649
18.980907
14.408170
10.465494
5.140620
3.138466
4.819669
6.643350
6.110088
9.883819
17.832386
20.401854
14.625322
23.249027
17.759128
25.720595
30.378625
30.125125
37.904622
37.801230
41.257115
47.437269
43.334943
40.787012
36.716676
31.798917
19.175363
8.967585
15.273628
6.140097
3.650753
1.395811
3.201001
7.641589
-7.162085
-1.798045
-3.675528
-11.591333
-12.468620
-7.247725
-13.648578
-8.392477
1.569162
-4.445495
-0.803024
1.567531
-7.604020
-6.668855
-9.639893
-13.930784
-17.289783
-13.402966
-22.214302
-13.834478
-20.822336
-27.036717
-24.204803
-32.411108
-28.937620
-29.368442
-28.685350
-28.197895
-26.426838
-21.377346
-24.787278
-18.316556
-16.880219
-10.602162
-1.360572
-0.002697
-2.309138
2.590000
3.590983
13.022137
16.844527
23.349709
28.425704
32.369394
34.220232
44.376516
49.110737
54.627746
55.075025
53.987891
53.231337
53.344954
53.299945
51.691868
51.483153
48.435999
49.638120
48.833204
48.084870
43.025361
29.594069
30.302795
14.203604
7.605451
7.065125
9.075868
13.771836
11.820331
10.282949
10.383171
17.525539
17.760287
17.563452
34.093637
30.651029
37.907620
42.266429
48.602165
47.742011
39.598566
38.674531
36.668372
21.527308
12.011036
16.720127
3.776429
7.065394
5.953547
9.692646
18.172228
14.433154
18.109501
20.728116
30.126034
27.734933
16.029366
24.247309
22.420796
20.348741
21.602196
19.156185
21.963139
15.815557
31.382101
30.578475
32.399937
29.916774
46.057896
37.725966
38.931968
40.754965
41.306926
38.956653
42.425450
31.380436
13.110811
13.533647
9.333448
4.338960
-3.275658
-8.886103
-9.932043
-12.861591
-10.826224
-9.754019
-10.539296
-11.171392
-7.376160
-4.538367
-5.265328
-11.997006
-31.101350
-32.770583
-33.062505
-29.375484
-37.503997
-36.816093
-38.477783
-45.470408
-44.214715
-46.193305
-47.959089
-43.289206
-46.821191
-43.515669
-38.412088
-33.145348
-31.132207
-16.836824
-19.605184
-21.512938
0.255101
11.755791
17.890269
36.143589
39.344417
43.104816
44.672535
48.905958
53.864829
61.123955
63.376954
62.337688
63.249952
61.992944
49.771229
57.210196
54.458989
49.275660
52.469067
46.879976
55.512259
38.871079
37.467511
38.710308
30.221134
27.940053
13.179910
19.474209
10.113614
1.656913
-4.290265
-9.420954
-17.949378
-24.124392
-23.810695
-31.846189
-32.510395
-29.650270
-28.207807
-41.186284
-42.796654
-38.997185
-31.031783
-44.190132
-37.770831
-38.585339
-33.673750
-37.058213
-29.002849
-43.275141
-31.826292
-31.025173
-26.812450
-15.357352
-5.504742
-3.008985
2.374936
0.213951
-4.444539
-0.992208
-10.145088
-14.432685
-16.069738
-18.777007
-18.000896
-32.798991
-32.367849
-28.881553
-19.376534
-13.153452
-4.702611
10.291347
13.902906
26.114433
36.685965
46.957166
52.533692
59.170625
52.500714
59.961907
62.344640
59.246366
46.660894
49.568188
45.231448
39.713749
21.090229
26.837204
14.059926
22.724111
3.545969
-4.537119
-8.806024
-3.206816
-0.704158
-7.817811
-9.701799
-17.985566
-18.459057
-11.016581
-9.477948
-9.018170
-8.489561
-3.112542
0.513864
-6.659591
-17.614620
-18.044455
-19.436943
-23.328214
-28.097783
-33.848724
-34.708080
-35.765663
-46.533198
-35.960643
-31.581833
-15.152609
-7.873011
4.006388
7.723440
10.041130
21.221665
23.365155
27.077567
23.455281
33.276985
30.622081
30.007277
34.205276
36.022139
33.769777
35.306119
38.517270
38.801515
40.704163
47.361052
47.847422
37.709493
36.325360
21.802980
4.225103
3.199037
-1.856028
0.181522
2.262703
6.938749
9.458653
20.244162
18.568814
20.323243
5.685864
-1.616630
-6.651767
-16.128961
-24.985379
-24.507282
-22.401276
-15.648386
-14.298622
-12.892376
-13.337818
-5.375968
0.279406
-0.565314
-6.489999
22.870106
21.191294
29.413330
43.748308
47.190050
48.207294
45.408819
45.624318
47.722212
50.380995
48.403893
47.298598
49.073951
47.661206
47.202917
46.680434
48.568697
45.143797
46.952298
48.182083
49.398654
51.225703
53.871476
52.693936
54.008130
55.705590
59.356132
61.004069
61.263904
60.337971
60.229844
54.512772
47.742496
48.382304
43.932106
33.060569
41.978183
37.908414
32.848653
34.841817
37.468790
29.810709
20.514038
25.547566
18.079966
23.463855
22.425175
14.543832
10.947515
16.420012
9.989863
13.745189
9.353797
19.472362
13.632012
20.676544
17.454864
16.276098
7.406633
14.660170
9.189430
3.581465
9.968199
-1.374430
0.693479
1.644504
-10.840045
-2.502265
-10.894876
-21.315147
-19.921115
-27.558229
-31.202061
-28.838695
-28.941931
-30.645570
-47.191300
-49.664880
-41.940144
-41.989463
-48.516699
-50.241539
-53.411829
-53.206933
-51.817662
-54.767191
-58.025871
-49.532278
-50.855402
-46.891561
-42.707050
-42.634320
-29.834265
-28.180901
-36.451664
-34.271383
-28.107846
-23.189469
-22.017173
-20.586857
-18.110590
-19.252067
-20.501651
-23.532598
-24.558345
-33.255306
-36.557543
-40.377551
-41.413453
-36.409612
-31.692374
-28.189126
-28.770914
-17.702865
-26.957003
-18.107403
-22.411433
-18.715150
-20.191089
-24.525138
-19.774308
-21.555834
-19.620191
-11.500077
-18.129566
-9.442838
-6.153689
-17.376639
-21.712642
-23.427819
-32.039886
-35.010112
-39.003449
-49.169857
-49.020420
-49.311172
-48.791802
-44.936728
-44.459466
-41.461504
-40.580511
-44.998366
-36.666346
-21.730376
-7.385869
0.837978
6.450461
13.656480
27.775101
40.830371
51.504829
51.989187
57.235826
55.359748
54.148079
50.292374
42.966429
37.664973
29.201826
23.595930
11.189294
1.034933
-2.326736
-9.190482
-17.283525
-19.243176
-26.797740
-32.683185
-34.566573
-33.017804
-30.884517
-36.791981
-39.291152
-43.761622
-43.041077
-45.664322
-50.147641
-48.542959
-38.643134
-32.582009
-32.978916
-37.746764
-38.517463
-47.272731
-47.101260
-49.752945
-54.454531
-54.078291
-51.582184
-57.005032
-57.532821
-55.580868
-50.617487
-43.205933
-41.808398
-48.328217
-42.561921
-39.544962
-38.825088
-35.865534
-31.919669
-26.036586
-20.881445
-15.502116
-16.586001
-13.715762
-0.451678
9.200586
6.066690
16.334730
20.027815
27.628489
28.452099
33.281705
41.718293
39.818392
44.297625
53.441524
59.076332
64.324380
53.975056
65.077091
60.827740
56.712205
59.100602
51.131427
46.344238
51.341690
45.461400
42.947603
40.960882
37.364420
32.009801
23.102067
24.371807
19.895490
14.193345
13.206149
8.254793
9.607095
8.436045
12.847694
3.842667
5.560935
2.734765
2.655791
-2.192641
-1.757962
-3.173499
9.236889
8.206345
9.520019
6.959870
10.702841
9.406912
11.967498
22.408388
18.806315
17.429498
11.888897
1.243317
1.918952
-4.385861
-9.072079
-10.399616
-4.038327
-13.037980
-21.360510
-18.157106
-16.193619
-13.864117
-20.250756
-12.465861
-11.131831
-26.136781
-23.121988
-18.951307
-32.322360
-24.896016
-21.158064
-25.021967
-17.793653
-20.286030
-16.823092
-13.296086
-13.976432
-16.328461
-21.493482
-22.299906
-16.600059
-27.877996
-28.787701
-35.312564
-27.038432
-27.649398
-20.750516
-21.654997
-25.446236
-31.866092
-33.240700
-34.684474
-36.550461
-29.212027
-32.834377
-28.176340
-27.170617
-37.168240
-25.789529
-35.919007
-37.217474
-27.804476
-31.293796
-32.004182
-29.109520
-41.967055
-45.043204
-41.288030
-48.829069
-45.398648
-42.904844
-43.928219
-39.900620
-41.838880
-49.881346
-40.105695
-29.531581
-15.206554
-15.201943
-21.906728
-16.305907
-0.617657
0.680323
11.845874
16.847726
18.980917
37.227477
36.004874
33.018259
50.104838
49.982292
39.305974
50.232762
51.365598
53.815596
50.333773
48.623389
43.815601
33.188373
29.848604
19.903978
17.110558
17.219912
11.035945
18.576863
17.734458
20.887596
33.113364
36.993972
33.520087
41.333972
45.684612
49.492113
46.324929
47.972013
44.110842
44.600797
30.195812
26.862912
15.145732
13.204461
-2.353893
-11.505597
-20.646129
-21.069813
-30.566442
-30.636581
-29.757078
-29.824243
-22.688731
-18.150649
-18.381183
-16.081017
-15.049832
-18.019734
-11.432485
-13.445345
-11.673682
-16.405752
-14.363246
-21.598180
-27.870924
-24.451776
-22.798236
-18.112968
-6.842481
-8.950588
-5.132479
-0.130436
-4.659744
4.848175
-1.348547
2.077690
11.536703
10.893407
12.651488
10.285568
16.308885
17.174394
9.385778
16.069165
21.292793
15.516705
21.258449
26.100820
29.197470
44.764367
43.193376
38.313165
37.806019
35.939952
25.190593
18.030777
21.247642
14.765278
14.142530
18.628086
17.948606
6.477094
12.002882
9.533117
11.687587
8.113767
0.929048
11.586668
-10.015798
-15.347437
-9.775799
-17.868602
-34.738357
-29.980376
-25.524918
-31.663166
-33.005279
-19.144973
-24.351983
-18.241020
-19.964661
-21.012758
-18.000842
-10.068194
-17.684772
-15.082038
-18.576364
-20.230435
-9.590654
-10.611044
0.666230
6.343159
17.060852
15.871031
16.962469
24.844723
25.182934
30.575018
26.765463
28.850123
30.498336
16.872972
4.862755
-8.839993
-20.635712
-21.657441
-30.396157
-36.278543
-39.557239
-44.508780
-45.699819
-49.089101
-47.875129
-49.144115
-44.850575
-46.820890
-46.101518
-44.135229
-46.956880
-46.555887
-48.504750
-45.378068
-47.396462
-47.564707
-45.493296
-45.567167
-45.572963
-43.659366
-45.540808
-45.847164
-49.900395
-48.349047
-49.445748
-50.075189
-47.752948
-36.756410
-24.871790
-12.614250
-5.272687
0.119377
3.165063
8.805875
14.702324
18.853619
16.692209
16.329714
16.892874
13.412186
5.529835
5.474692
6.692000
6.250943
7.417684
11.435726
8.582344
17.662868
11.201872
16.557587
15.405535
14.227120
12.719701
9.812425
11.960349
11.694103
16.825219
13.984547
18.689850
15.574763
18.061627
16.278043
13.329502
8.914385
1.360857
0.630954
-2.011394
-3.697502
-6.854353
-10.916382
-5.289537
-3.487927
-3.597875
-4.127867
-11.562458
-9.976294
-13.970724
-18.533349
-22.904562
-23.609347
-32.878992
-34.426696
-33.945842
-37.846862
-30.974629
-31.966751
-29.215965
-27.224602
-29.139865
-27.302751
-30.968554
-28.747538
-26.617949
-23.411851
-24.545384
-20.295146
-15.919979
-13.423164
-6.995470
-11.623117
-12.944357
-5.978773
0.880969
3.935750
5.159313
9.544087
23.258485
21.386604
20.696211
7.549367
17.188442
14.368917
17.301300
19.924366
16.549408
20.693377
22.133204
33.718820
37.372079
38.319764
44.659188
47.388362
43.577548
42.051869
44.113738
46.921160
41.342058
39.859541
38.289996
16.337549
18.151439
24.393567
34.495606
36.362409
40.435639
38.267379
38.569446
42.696240
37.738520
49.999307
41.627562
39.106482
35.107046
34.673108
29.068010
24.415107
18.933700
22.595665
16.849326
10.640412
2.929115
-3.456488
0.652052
9.258035
19.166182
35.387075
43.083357
49.567988
52.987749
49.803359
46.577953
44.884706
43.702453
44.159491
41.967565
44.201154
33.758658
49.929223
48.110609
55.408845
54.805297
54.490737
54.756511
57.274495
58.705049
59.810860
51.141934
54.958075
54.556857
48.411817
49.484251
50.968703
50.790515
48.684299
42.489389
41.614293
31.258455
26.184902
13.392097
9.039354
1.219034
-11.623272
-15.555516
-21.644320
-25.379751
-21.778918
-22.335632
-21.363298
-17.904488
-22.893981
-25.542209
-19.941772
-13.721974
-8.133098
-1.994695
5.153752
6.034543
8.062860
11.461100
11.968628
14.550909
21.531188
20.600805
19.528243
15.972660
14.409460
16.505812
13.890981
12.435481
4.181832
8.589691
1.160301
9.399678
13.891663
16.305152
30.955485
28.081697
14.872923
25.997652
27.016293
20.017941
26.099493
15.626857
25.162523
25.588342
30.783615
24.461254
23.281655
23.902819
24.442226
30.148495
18.350096
19.613634
24.533571
20.832164
20.751426
26.851457
24.055528
28.664967
27.622769
32.151079
33.363354
42.828900
37.450867
34.813541
24.697146
20.172483
7.774430
1.037751
-8.524544
-11.269966
0.592463
2.051483
10.262816
26.285319
29.259964
29.589253
20.490615
11.050582
18.884052
11.135155
12.782879
10.889704
16.251678
19.131455
17.070030
11.282159
13.943291
13.878329
14.730198
14.309302
12.063407
13.366843
11.616156
6.563617
12.908334
9.784098
14.922687
1.247805
0.402751
-2.143486
0.057460
3.598799
-7.576967
-8.263138
-23.813819
-7.924853
3.254809
13.447141
12.455409
20.759896
22.361696
24.350062
27.426071
38.098976
43.916816
47.434315
42.234571
36.053390
21.206437
20.560248
15.004859
14.850060
7.986074
7.113866
12.436035
13.604943
3.675985
18.439247
20.114239
16.153224
12.499904
18.661545
20.325170
11.612072
9.272968
11.242637
6.905861
-0.760549
-4.601380
-10.560571
-12.952956
-9.789128
-7.659913
-12.118496
-11.986507
-14.555668
-16.452754
-15.861255
-17.719187
-20.727170
-19.713273
-34.045731
-26.392637
-34.106047
-30.370695
-29.116097
-34.820319
-36.878367
-27.016142
-22.166730
-18.151564
-21.935678
-29.959200
-39.621313
-38.879092
-41.060510
-40.374260
-41.381494
-40.696688
-37.859859
-37.731409
-34.640387
-31.514044
-22.525620
-17.542557
-23.059079
-21.836146
-14.711582
-7.723909
-8.042907
-8.950333
-11.084871
-6.020632
-1.866300
-7.515214
-6.816735
-15.201419
-21.333873
-24.486622
-26.950955
-16.226420
-8.471921
1.733053
15.877088
34.089226
42.725084
46.909517
48.475445
52.629294
51.862165
52.701556
50.337555
47.441948
46.375021
46.285592
50.167491
46.285810
43.919596
41.299205
35.047289
38.912251
27.472431
30.613707
30.994885
25.563867
24.727916
26.836086
23.693623
24.690196
22.696435
18.895210
18.234448
10.791840
3.073704
3.795887
-5.337034
-2.217186
-6.849734
-4.206221
2.313961
3.008642
3.928590
13.635028
10.653516
4.267250
5.137286
11.752239
13.968171
17.850816
35.615468
41.524774
44.744362
50.528965
50.729543
49.544782
54.533718
51.790310
54.957714
54.080151
53.011070
46.844833
44.759915
41.162470
43.889497
39.699048
32.027599
28.927440
23.409312
13.206679
12.716665
14.202901
6.038356
3.273010
0.887532
-8.131128
-9.713919
-13.205583
-6.569692
-11.596023
-7.631770
-8.928342
-13.088152
-8.053000
-15.833091
-32.169177
-34.960213
6.974935
-0.366771
3.941709
1.249068
-4.627856
-1.340824
-6.501714
-18.109621
-22.719135
-10.977063
-14.019325
-18.628836
-17.209588
-29.871329
-32.498532
-33.034610
-30.349249
-27.188453
-33.371641
-37.814548
-34.609208
-40.233056
-34.474951
-39.502189
-40.007510
-45.887162
-47.080110
-46.829946
-51.375780
-51.410356
-52.359394
-51.048472
-46.231499
-43.055511
-42.382455
-40.947093
-38.786151
-38.784900
-42.450499
-41.031557
-42.889355
-43.624496
-36.025222
-41.927947
-34.705084
-40.483728
-37.285208
-26.845746
-13.472084
-13.985422
-12.529648
-20.988431
-21.579678
-32.062424
-23.724507
-13.122012
-21.280352
-20.011214
-18.599919
-22.483440
-24.682407
-19.004028
-25.072838
-30.812195
-33.024506
-33.600440
-37.398901
-39.100944
-37.374450
-36.615482
-40.566675
-39.231744
-38.191725
-27.418324
-20.893194
-21.906226
-7.036499
-0.577668
-0.270098
11.382590
22.134257
23.395433
22.273188
21.625704
11.283901
12.372101
18.042062
24.369824
19.158329
13.265220
10.349462
3.573982
4.221504
4.301466
7.408607
0.235463
-1.208884
-3.562080
-12.249407
-17.938266
-13.289681
-15.272738
-9.242556
-6.937061
-5.918938
-1.798881
0.890395
5.469334
11.453476
7.109734
-2.868258
-3.414802
-0.350619
3.254508
1.016300
2.292040
-4.932818
-4.720222
-2.805335
-2.626095
-1.773314
-1.052517
0.165026
5.782300
8.196017
8.675499
11.163301
9.709976
15.023500
23.013799
30.689395
32.722624
32.114332
27.581189
19.984257
24.666854
17.274786
17.894587
19.209834
20.133900
18.973854
14.293566
21.538994
23.843111
19.335949
30.369640
30.376534
32.888276
32.742521
40.044495
43.584862
44.913662
55.792847
51.720483
46.893614
53.040169
53.800340
53.230608
51.781702
55.206019
53.350055
45.333448
36.721865
29.913600
20.554645
10.756906
0.606325
-11.463727
-24.609972
-27.632929
-28.064116
-32.132730
-25.711739
-17.358346
-15.609871
-13.772392
-16.670081
-16.315378
-16.007687
-22.688555
-19.489163
-19.076450
-21.025416
-25.341494
-32.141112
-31.956959
-31.481058
-37.540644
-31.839579
-31.928752
-26.126411
-22.190755
-19.383948
-14.505326
-6.433778
1.060603
0.890261
-0.279918
-4.864496
-5.289202
-3.079067
-6.082758
-6.840134
-5.918218
-1.912084
0.917330
2.614950
0.779839
7.429649
18.980907
14.408170
10.465494
5.140620
3.138466
4.819669
6.643350
6.110088
9.883819
17.832386
20.401854
14.625322
23.249027
17.759128
25.720595
30.378625
30.125125
37.904622
37.801230
41.257115
47.437269
43.334943
40.787012
36.716676
31.798917
19.175363
8.967585
15.273628
6.140097
3.650753
1.395811
3.201001
7.641589
-7.162085
-1.798045
-3.675528
-11.591333
-12.468620
-7.247725
-13.648578
-8.392477
1.569162
-4.445495
-0.803024
1.567531
-7.604020
-6.668855
-9.639893
-13.930784
-17.289783
-13.402966
-22.214302
-13.834478
-20.822336
-27.036717
-24.204803
-32.411108
-28.937620
-29.368442
-28.685350
-28.197895
-26.426838
-21.377346
-24.787278
-18.316556
-16.880219
-10.602162
-1.360572
-0.002697
-2.309138
2.590000
3.590983
13.022137
16.844527
23.349709
28.425704
32.369394
34.220232
44.376516
49.110737
54.627746
55.075025
53.987891
53.231337
53.344954
53.299945
51.691868
51.483153
48.435999
49.638120
48.833204
48.084870
43.025361
29.594069
30.302795
14.203604
7.605451
7.065125
9.075868
13.771836
11.820331
10.282949
10.383171
17.525539
17.760287
17.563452
34.093637
30.651029
37.907620
42.266429
48.602165
47.742011
39.598566
38.674531
36.668372
21.527308
12.011036
16.720127
3.776429
7.065394
5.953547
9.692646
18.172228
14.433154
18.109501
20.728116
30.126034
27.734933
16.029366
24.247309
22.420796
20.348741
21.602196
19.156185
21.963139
15.815557
31.382101
30.578475
32.399937
29.916774
46.057896
37.725966
38.931968
40.754965
41.306926
38.956653
42.425450
31.380436
13.110811
13.533647
9.333448
4.338960
-3.275658
-8.886103
-9.932043
-12.861591
-10.826224
-9.754019
-10.539296
-11.171392
-7.376160
-4.538367
-5.265328
-11.997006
-31.101350
-32.770583
-33.062505
-29.375484
-37.503997
-36.816093
-38.477783
-45.470408
-44.214715
-46.193305
-47.959089
-43.289206
-46.821191
-43.515669
-38.412088
-33.145348
-31.132207
-16.836824
-19.605184
-21.512938
0.255101
11.755791
17.890269
36.143589
39.344417
43.104816
44.672535
48.905958
53.864829
61.123955
63.376954
62.337688
63.249952
61.992944
49.771229
57.210196
54.458989
49.275660
52.469067
46.879976
55.512259
38.871079
37.467511
38.710308
30.221134
27.940053
13.179910
19.474209
10.113614
1.656913
-4.290265
-9.420954
-17.949378
-24.124392
-23.810695
-31.846189
-32.510395
-29.650270
-28.207807
-41.186284
-42.796654
-38.997185
-31.031783
-44.190132
-37.770831
-38.585339
-33.673750
-37.058213
-29.002849
-43.275141
-31.826292
-31.025173
-26.812450
-15.357352
-5.504742
-3.008985
2.374936
0.213951
-4.444539
-0.992208
-10.145088
-14.432685
-16.069738
-18.777007
-18.000896
-32.798991
-32.367849
-28.881553
-19.376534
-13.153452
-4.702611
10.291347
13.902906
26.114433
36.685965
46.957166
52.533692
59.170625
52.500714
59.961907
62.344640
59.246366
46.660894
49.568188
45.231448
39.713749
21.090229
26.837204
14.059926
22.724111
3.545969
-4.537119
-8.806024
-3.206816
-0.704158
-7.817811
-9.701799
-17.985566
-18.459057
-11.016581
-9.477948
-9.018170
-8.489561
-3.112542
0.513864
-6.659591
-17.614620
-18.044455
-19.436943
-23.328214
-28.097783
-33.848724
-34.708080
-35.765663
-46.533198
-35.960643
-31.581833
-15.152609
-7.873011
4.006388
7.723440
10.041130
21.221665
23.365155
27.077567
23.455281
33.276985
30.622081
30.007277
34.205276
36.022139
33.769777
35.306119
38.517270
38.801515
40.704163
47.361052
47.847422
37.709493
36.325360
21.802980
4.225103
3.199037
-1.856028
0.181522
2.262703
6.938749
9.458653
20.244162
18.568814
20.323243
5.685864
-1.616630
-6.651767
-16.128961
-24.985379
-24.507282
-22.401276
-15.648386
-14.298622
-12.892376
-13.337818
-5.375968
0.279406
-0.565314
-6.489999
22.870106
21.191294
29.413330
43.748308
47.190050
48.207294
45.408819
45.624318
47.722212
50.380995
48.403893
47.298598
49.073951
47.661206
47.202917
46.680434
48.568697
45.143797
46.952298
48.182083
49.398654
51.225703
53.871476
52.693936
54.008130
55.705590
59.356132
61.004069
61.263904
60.337971
60.229844
54.512772
47.742496
48.382304
43.932106
33.060569
41.978183
37.908414
32.848653
34.841817
37.468790
29.810709
20.514038
25.547566
18.079966
23.463855
22.425175
14.543832
10.947515
16.420012
9.989863
13.745189
9.353797
19.472362
13.632012
20.676544
17.454864
16.276098
7.406633
14.660170
9.189430
3.581465
9.968199
-1.374430
0.693479
1.644504
-10.840045
-2.502265
-10.894876
-21.315147
-19.921115
-27.558229
-31.202061
-28.838695
-28.941931
-30.645570
-47.191300
-49.664880
-41.940144
-41.989463
-48.516699
-50.241539
-53.411829
-53.206933
-51.817662
-54.767191
-58.025871
-49.532278
-50.855402
-46.891561
-42.707050
-42.634320
-29.834265
-28.180901
-36.451664
-34.271383
-28.107846
-23.189469
-22.017173
-20.586857
-18.110590
-19.252067
-20.501651
-23.532598
-24.558345
-33.255306
-36.557543
-40.377551
-41.413453
-36.409612
-31.692374
-28.189126
-28.770914
-17.702865
-26.957003
-18.107403
-22.411433
-18.715150
-20.191089
-24.525138
-19.774308
-21.555834
-19.620191
-11.500077
-18.129566
-9.442838
-6.153689
-17.376639
-21.712642
-23.427819
-32.039886
-35.010112
-39.003449
-49.169857
-49.020420
-49.311172
-48.791802
-44.936728
-44.459466
-41.461504
-40.580511
-44.998366
-36.666346
-21.730376
-7.385869
0.837978
6.450461
13.656480
27.775101
40.830371
51.504829
51.989187
57.235826
55.359748
54.148079
50.292374
42.966429
37.664973
29.201826
23.595930
11.189294
1.034933
-2.326736
-9.190482
-17.283525
-19.243176
-26.797740
-32.683185
-34.566573
-33.017804
-30.884517
-36.791981
-39.291152
-43.761622
-43.041077
-45.664322
-50.147641
-48.542959
-38.643134
-32.582009
-32.978916
-37.746764
-38.517463
-47.272731
-47.101260
-49.752945
-54.454531
-54.078291
-51.582184
-57.005032
-57.532821
-55.580868
-50.617487
-43.205933
-41.808398
-48.328217
-42.561921
-39.544962
-38.825088
-35.865534
-31.919669
-26.036586
-20.881445
-15.502116
-16.586001
-13.715762
-0.451678
9.200586
6.066690
16.334730
20.027815
27.628489
28.452099
33.281705
41.718293
39.818392
44.297625
53.441524
59.076332
64.324380
53.975056
65.077091
60.827740
56.712205
59.100602
51.131427
46.344238
51.341690
45.461400
42.947603
40.960882
37.364420
32.009801
23.102067
24.371807
19.895490
14.193345
13.206149
8.254793
9.607095
8.436045
12.847694
3.842667
5.560935
2.734765
2.655791
-2.192641
-1.757962
-3.173499
9.236889
8.206345
9.520019
6.959870
10.702841
9.406912
11.967498
22.408388
18.806315
17.429498
11.888897
1.243317
1.918952
-4.385861
-9.072079
-10.399616
-4.038327
-13.037980
-21.360510
-18.157106
-16.193619
-13.864117
-20.250756
-12.465861
-11.131831
-26.136781
-23.121988
-18.951307
-32.322360
-24.896016
-21.158064
-25.021967
-17.793653
-20.286030
-16.823092
-13.296086
-13.976432
-16.328461
-21.493482
-22.299906
-16.600059
-27.877996
-28.787701
-35.312564
-27.038432
-27.649398
-20.750516
-21.654997
-25.446236
-31.866092
-33.240700
-34.684474
-36.550461
-29.212027
-32.834377
-28.176340
-27.170617
-37.168240
-25.789529
-35.919007
-37.217474
-27.804476
-31.293796
-32.004182
-29.109520
-41.967055
-45.043204
-41.288030
-48.829069
-45.398648
-42.904844
-43.928219
-39.900620
-41.838880
-49.881346
-40.105695
-29.531581
-15.206554
-15.201943
-21.906728
-16.305907
-0.617657
0.680323
11.845874
16.847726
18.980917
37.227477
36.004874
33.018259
50.104838
49.982292
39.305974
50.232762
51.365598
53.815596
50.333773
48.623389
43.815601
33.188373
29.848604
19.903978
17.110558
17.219912
11.035945
18.576863
17.734458
20.887596
33.113364
36.993972
33.520087
41.333972
45.684612
49.492113
46.324929
47.972013
44.110842
44.600797
30.195812
26.862912
15.145732
13.204461
-2.353893
-11.505597
-20.646129
-21.069813
-30.566442
-30.636581
-29.757078
-29.824243
-22.688731
-18.150649
-18.381183
-16.081017
-15.049832
-18.019734
-11.432485
-13.445345
-11.673682
-16.405752
-14.363246
-21.598180
-27.870924
-24.451776
-22.798236
-18.112968
-6.842481
-8.950588
-5.132479
-0.130436
-4.659744
4.848175
-1.348547
2.077690
11.536703
10.893407
12.651488
10.285568
16.308885
17.174394
9.385778
16.069165
21.292793
15.516705
21.258449
26.100820
29.197470
44.764367
43.193376
38.313165
37.806019
35.939952
25.190593
18.030777
21.247642
14.765278
14.142530
18.628086
17.948606
6.477094
12.002882
9.533117
11.687587
8.113767
0.929048
11.586668
-10.015798
-15.347437
-9.775799
-17.868602
-34.738357
-29.980376
-25.524918
-31.663166
-33.005279
-19.144973
-24.351983
-18.241020
-19.964661
-21.012758
-18.000842
-10.068194
-17.684772
-15.082038
-18.576364
-20.230435
-9.590654
-10.611044
0.666230
6.343159
17.060852
15.871031
16.962469
24.844723
25.182934
30.575018
26.765463
28.850123
30.498336
16.872972
4.862755
-8.839993
-20.635712
-21.657441
-30.396157
-36.278543
-39.557239
-44.508780
-45.699819
-49.089101
-47.875129
-49.144115
-44.850575
-46.820890
-46.101518
-44.135229
-46.956880
-46.555887
-48.504750
-45.378068
-47.396462
-47.564707
-45.493296
-45.567167
-45.572963
-43.659366
-45.540808
-45.847164
-49.900395
-48.349047
-49.445748
-50.075189
-47.752948
-36.756410
-24.871790
-12.614250
-5.272687
0.119377
3.165063
8.805875
14.702324
18.853619
16.692209
16.329714
16.892874
13.412186
5.529835
5.474692
6.692000
6.250943
7.417684
11.435726
8.582344
17.662868
11.201872
16.557587
15.405535
14.227120
12.719701
9.812425
11.960349
11.694103
16.825219
13.984547
18.689850
15.574763
18.061627
16.278043
13.329502
8.914385
1.360857
0.630954
-2.011394
-3.697502
-6.854353
-10.916382
-5.289537
-3.487927
-3.597875
-4.127867
-11.562458
-9.976294
-13.970724
-18.533349
-22.904562
-23.609347
-32.878992
-34.426696
-33.945842
-37.846862
-30.974629
-31.966751
-29.215965
-27.224602
-29.139865
-27.302751
-30.968554
-28.747538
-26.617949
-23.411851
-24.545384
-20.295146
-15.919979
-13.423164
-6.995470
-11.623117
-12.944357
-5.978773
0.880969
3.935750
5.159313
9.544087
23.258485
21.386604
20.696211
7.549367
17.188442
14.368917
17.301300
19.924366
16.549408
20.693377
22.133204
33.718820
37.372079
38.319764
44.659188
47.388362
43.577548
42.051869
44.113738
46.921160
41.342058
39.859541
38.289996
16.337549
18.151439
24.393567
34.495606
36.362409
40.435639
38.267379
38.569446
42.696240
37.738520
49.999307
41.627562
39.106482
35.107046
34.673108
29.068010
24.415107
18.933700
22.595665
16.849326
10.640412
2.929115
-3.456488
0.652052
9.258035
19.166182
35.387075
43.083357
49.567988
52.987749
49.803359
46.577953
44.884706
43.702453
44.159491
41.967565
44.201154
33.758658
49.929223
48.110609
55.408845
54.805297
54.490737
54.756511
57.274495
58.705049
59.810860
51.141934
54.958075
54.556857
48.411817
49.484251
50.968703
50.790515
48.684299
42.489389
41.614293
31.258455
26.184902
13.392097
9.039354
1.219034
-11.623272
-15.555516
-21.644320
-25.379751
-21.778918
-22.335632
-21.363298
-17.904488
-22.893981
-25.542209
-19.941772
-13.721974
-8.133098
-1.994695
5.153752
6.034543
8.062860
11.461100
11.968628
14.550909
21.531188
20.600805
19.528243
15.972660
14.409460
16.505812
13.890981
12.435481
4.181832
8.589691
1.160301
9.399678
13.891663
16.305152
30.955485
28.081697
14.872923
25.997652
27.016293
20.017941
26.099493
15.626857
25.162523
25.588342
30.783615
24.461254
23.281655
23.902819
24.442226
30.148495
18.350096
19.613634
24.533571
20.832164
20.751426
26.851457
24.055528
28.664967
27.622769
32.151079
33.363354
42.828900
37.450867
34.813541
24.697146
20.172483
7.774430
1.037751
-8.524544
-11.269966
0.592463
2.051483
10.262816
26.285319
29.259964
29.589253
20.490615
11.050582
18.884052
11.135155
12.782879
10.889704
16.251678
19.131455
17.070030
11.282159
13.943291
13.878329
14.730198
14.309302
12.063407
13.366843
11.616156
6.563617
12.908334
9.784098
14.922687
1.247805
0.402751
-2.143486
0.057460
3.598799
-7.576967
-8.263138
-23.813819
-7.924853
3.254809
13.447141
12.455409
20.759896
22.361696
24.350062
27.426071
38.098976
43.916816
47.434315
42.234571
36.053390
21.206437
20.560248
15.004859
14.850060
7.986074
7.113866
12.436035
13.604943
3.675985
18.439247
20.114239
16.153224
12.499904
18.661545
20.325170
11.612072
9.272968
11.242637
6.905861
-0.760549
-4.601380
-10.560571
-12.952956
-9.789128
-7.659913
-12.118496
-11.986507
-14.555668
-16.452754
-15.861255
-17.719187
-20.727170
-19.713273
-34.045731
-26.392637
-34.106047
-30.370695
-29.116097
-34.820319
-36.878367
-27.016142
-22.166730
-18.151564
-21.935678
-29.959200
-39.621313
-38.879092
-41.060510
-40.374260
-41.381494
-40.696688
-37.859859
-37.731409
-34.640387
-31.514044
-22.525620
-17.542557
-23.059079
-21.836146
-14.711582
-7.723909
-8.042907
-8.950333
-11.084871
-6.020632
-1.866300
-7.515214
-6.816735
-15.201419
-21.333873
-24.486622
-26.950955
-16.226420
-8.471921
1.733053
15.877088
34.089226
42.725084
46.909517
48.475445
52.629294
51.862165
52.701556
50.337555
47.441948
46.375021
46.285592
50.167491
46.285810
43.919596
41.299205
35.047289
38.912251
27.472431
30.613707
30.994885
25.563867
24.727916
26.836086
23.693623
24.690196
22.696435
18.895210
18.234448
10.791840
3.073704
3.795887
-5.337034
-2.217186
-6.849734
-4.206221
2.313961
3.008642
3.928590
13.635028
10.653516
4.267250
5.137286
11.752239
13.968171
17.850816
35.615468
41.524774
44.744362
50.528965
50.729543
49.544782
54.533718
51.790310
54.957714
54.080151
53.011070
46.844833
44.759915
41.162470
43.889497
39.699048
32.027599
28.927440
23.409312
13.206679
12.716665
14.202901
6.038356
3.273010
0.887532
-8.131128
-9.713919
-13.205583
-6.569692
-11.596023
-7.631770
-8.928342
-13.088152
-8.053000
-15.833091
-32.169177
-34.960213
-30.400543
-19.974748
-15.061225
-7.024650
-11.413377
-1.911959
-6.081901
0.481221
-7.510825
-11.576360
-16.615687
-2.406807
-4.907064
-9.283763
-1.183447
-6.424897
7.314724
2.851468
16.640781
12.654876
9.800922
12.194259
14.539046
18.382065
29.772630
21.573052
20.610271
22.537686
16.611486
11.397376
10.645074
10.882908
10.097793
13.299941
13.571588
8.286464
10.336179
11.349210
19.521124
18.206419
14.183769
14.612197
16.000711
12.544510
1.293142
9.301726
7.677288
-3.404240
-19.277074
-11.754329
-17.229154
-23.369084
-24.777433
-28.634451
-42.163447
-43.467558
-51.835450
-52.221768
-47.217036
-44.379300
-42.796965
-40.280712
-31.707095
-28.610394
-36.668122
-29.972871
-41.286847
-30.309579
-35.335017
-29.230256
-34.632706
-39.896738
-43.531030
-42.729928
-45.368572
-48.058465
-43.059463
-37.676176
-40.123521
-46.300253
-46.629311
-50.412784
-46.158243
-48.144725
-53.128891
-52.869590
-49.072571
-49.590220
-37.785700
-43.269606
-42.442348
-35.693473
-37.669589
-42.434404
-36.712654
-29.238009
-32.526608
-32.751880
-31.940370
-38.020867
-44.211240
-45.332584
-40.332324
-37.373671
-43.082406
-34.454990
-28.366147
-25.922293
-26.545819
-31.460921
-25.224597
-11.891598
-13.947726
-8.197885
-1.804314
9.238516
13.317337
11.382219
15.395231
27.008079
22.314764
35.885529
32.370793
39.920735
41.250469
44.168107
39.397393
38.210567
41.349946
33.422757
38.503279
26.833827
34.172880
37.778431
35.672545
39.218892
32.549258
33.339674
33.979575
31.029295
44.551183
52.339847
50.675122
53.217066
52.964307
53.306676
52.175513
43.986952
48.632746
48.286165
37.782639
40.454703
42.645785
33.105155
33.157076
40.485869
40.923577
43.274333
42.165443
30.391698
33.734595
38.826881
43.667240
39.377778
35.436980
36.348747
40.704786
46.430326
42.170053
36.670539
32.767809
34.838280
23.159640
29.349874
35.130617
40.825437
38.236632
45.200355
43.065445
44.490758
36.086755
34.418544
29.294825
32.296144
31.166258
30.452178
22.300526
14.553835
20.554393
8.001648
10.593856
1.626814
-4.200994
-7.962125
-10.862134
-5.135205
-3.858146
3.559726
-1.339363
-1.181963
1.854456
-6.004200
-4.550620
-8.216218
-6.668512
-4.547155
-7.725322
-9.362645
-13.956668
-12.643540
-16.069549
-11.586560
-9.104676
-9.794213
-11.930930
-7.712676
-10.359637
-16.942682
-25.877601
-25.630691
-30.446559
-42.101027
-44.593705
-41.730759
-38.877987
-34.331760
-35.937345
-39.585234
-29.628485
-37.428589
-38.860451
-35.385658
-30.568182
-33.812303
-35.518112
-37.705756
-34.203368
-36.702035
-41.648055
-44.470452
-48.582389
-48.325046
-47.677274
-43.603175
-43.622376
-44.956098
-42.822571
-44.684064
-50.115591
-48.704515
-50.459324
-47.388741
-46.885901
-44.583553
-43.475611
-48.796686
-38.791576
-38.654371
-25.862568
-21.571616
-14.779538
-9.457885
-4.073911
-7.108962
-11.851199
-15.848994
-21.019168
-27.976357
-19.838653
-21.197748
-31.285662
-25.067268
-31.425291
-29.243371
-33.822282
-40.911593
-43.375921
-40.910810
-37.524589
-37.936593
-36.914115
-31.348680
-21.124119
-5.967752
-11.413005
-9.026740
0.661218
-1.320270
7.665419
13.424240
4.677981
-2.676191
-9.689650
-13.187537
-14.489608
-12.330148
-18.660566
-18.985475
-17.868500
-33.372781
-41.132816
-47.867356
-54.461944
-51.323812
-50.207398
-50.224530
-54.815364
-52.405574
-47.162334
-46.676941
-42.705423
-49.531791
-50.345298
-53.173061
-50.115381
-51.731326
-50.187397
-44.564838
-44.757622
-39.328877
-31.552343
-27.086106
-27.054161
-23.191437
-17.105322
-18.861318
-22.590175
-20.591792
-17.748998
-12.689319
-16.799402
-16.635521
-14.734249
-10.993519
-12.381314
-13.469738
-9.014344
0.521894
9.608724
16.405193
22.053659
32.692102
30.460790
35.303470
42.022368
48.093581
47.809851
47.371672
48.079750
48.530570
48.621966
45.151555
48.292307
49.397015
46.772457
47.940223
49.470159
47.679694
49.478678
47.991566
48.217936
46.160191
43.050858
41.523721
22.815757
0.400283
-17.163889
-24.616818
-38.600560
-40.462664
-47.995345
-50.561253
-47.827182
-50.093525
-49.856776
-47.923362
-47.665014
-44.262802
-47.024689
-41.493050
-44.539456
-43.537789
-41.737279
-38.577886
-38.089022
-36.502053
-31.287869
-27.244869
-19.621009
-19.936675
-24.228714
-24.529674
-24.536463
-15.060838
-14.413053
-10.296037
-4.321473
-6.101813
2.027726
9.102209
10.158621
4.769053
4.193657
1.081943
7.632629
2.974282
1.398618
2.092279
1.211194
-2.931592
-9.404977
-2.957699
-5.105145
-6.265575
-1.863240
3.248951
9.794051
17.187980
7.187316
12.385098
25.542906
27.381776
37.847553
37.890354
42.833938
48.000739
47.407740
49.477070
49.635939
52.986087
52.998560
53.043797
51.307299
40.902082
38.282739
33.356932
30.412541
37.080138
39.728487
38.864289
43.685286
34.437824
30.470990
22.876017
15.203825
8.788348
3.971605
4.746189
17.712807
20.869403
18.650821
23.814331
32.385945
26.923851
24.600334
21.356983
26.592421
24.884639
32.141145
33.054131
37.654949
31.073642
21.091670
2.638303
4.129728
4.555405
5.763234
-8.882604
-1.232266
7.909000
-2.902465
-12.281654
-36.326459
-40.750371
-37.458796
-42.168587
-50.249265
-44.551135
-50.131619
-48.002672
-48.615560
-51.349325
-57.200117
-51.940807
-49.662206
-48.704492
-46.919077
-45.670790
-45.490393
-41.112616
-42.033571
-32.202515
-37.041971
-37.433092
-36.573080
-42.499239
-44.359103
-42.623740
-43.537572
-34.436524
6.974935
-0.366771
3.941709
1.249068
-4.627856
-1.340824
-6.501714
-18.109621
-22.719135
-10.977063
-14.019325
-18.628836
-17.209588
-29.871329
-32.498532
-33.034610
-30.349249
-27.188453
-33.371641
-37.814548
-34.609208
-40.233056
-34.474951
-39.502189
-40.007510
-45.887162
-47.080110
-46.829946
-51.375780
-51.410356
-52.359394
-51.048472
-46.231499
-43.055511
-42.382455
-40.947093
-38.786151
-38.784900
-42.450499
-41.031557
-42.889355
-43.624496
-36.025222
-41.927947
-34.705084
-40.483728
-37.285208
-26.845746
-13.472084
-13.985422
-12.529648
-20.988431
-21.579678
-32.062424
-23.724507
-13.122012
-21.280352
-20.011214
-18.599919
-22.483440
-24.682407
-19.004028
-25.072838
-30.812195
-33.024506
-33.600440
-37.398901
-39.100944
-37.374450
-36.615482
-40.566675
-39.231744
-38.191725
-27.418324
-20.893194
-21.906226
-7.036499
-0.577668
-0.270098
11.382590
22.134257
23.395433
22.273188
21.625704
11.283901
12.372101
18.042062
24.369824
19.158329
13.265220
10.349462
3.573982
4.221504
4.301466
7.408607
0.235463
-1.208884
-3.562080
-12.249407
-17.938266
-13.289681
-15.272738
-9.242556
-6.937061
-5.918938
-1.798881
0.890395
5.469334
11.453476
7.109734
-2.868258
-3.414802
-0.350619
3.254508
1.016300
2.292040
-4.932818
-4.720222
-2.805335
-2.626095
-1.773314
-1.052517
0.165026
5.782300
8.196017
8.675499
11.163301
9.709976
15.023500
23.013799
30.689395
32.722624
32.114332
27.581189
19.984257
24.666854
17.274786
17.894587
19.209834
20.133900
18.973854
14.293566
21.538994
23.843111
19.335949
30.369640
30.376534
32.888276
32.742521
40.044495
43.584862
44.913662
55.792847
51.720483
46.893614
53.040169
53.800340
53.230608
51.781702
55.206019
53.350055
45.333448
36.721865
29.913600
20.554645
10.756906
0.606325
-11.463727
-24.609972
-27.632929
-28.064116
-32.132730
-25.711739
-17.358346
-15.609871
-13.772392
-16.670081
-16.315378
-16.007687
-22.688555
-19.489163
-19.076450
-21.025416
-25.341494
-32.141112
-31.956959
-31.481058
-37.540644
-31.839579
-31.928752
-26.126411
-22.190755
-19.383948
-14.505326
-6.433778
1.060603
0.890261
-0.279918
-4.864496
-5.289202
-3.079067
-6.082758
-6.840134
-5.918218
-1.912084
0.917330
2.614950
0.779839
7.429649
18.980907
14.408170
10.465494
5.140620
3.138466
4.819669
6.643350
6.110088
9.883819
17.832386
20.401854
14.625322
23.249027
17.759128
25.720595
30.378625
30.125125
37.904622
37.801230
41.257115
47.437269
43.334943
40.787012
36.716676
31.798917
19.175363
8.967585
15.273628
6.140097
3.650753
1.395811
3.201001
7.641589
-7.162085
-1.798045
-3.675528
-11.591333
-12.468620
-7.247725
-13.648578
-8.392477
1.569162
-4.445495
-0.803024
1.567531
-7.604020
-6.668855
-9.639893
-13.930784
-17.289783
-13.402966
-22.214302
-13.834478
-20.822336
-27.036717
-24.204803
-32.411108
-28.937620
-29.368442
-28.685350
-28.197895
-26.426838
-21.377346
-24.787278
-18.316556
-16.880219
-10.602162
-1.360572
-0.002697
-2.309138
2.590000
3.590983
13.022137
16.844527
23.349709
28.425704
32.369394
34.220232
44.376516
49.110737
54.627746
55.075025
53.987891
53.231337
53.344954
53.299945
51.691868
51.483153
48.435999
49.638120
48.833204
48.084870
43.025361
29.594069
30.302795
14.203604
7.605451
7.065125
9.075868
13.771836
11.820331
10.282949
10.383171
17.525539
17.760287
17.563452
34.093637
30.651029
37.907620
42.266429
48.602165
47.742011
39.598566
38.674531
36.668372
21.527308
12.011036
16.720127
3.776429
7.065394
5.953547
9.692646
18.172228
14.433154
18.109501
20.728116
30.126034
27.734933
16.029366
24.247309
22.420796
20.348741
21.602196
19.156185
21.963139
15.815557
31.382101
30.578475
32.399937
29.916774
46.057896
37.725966
38.931968
40.754965
41.306926
38.956653
42.425450
31.380436
13.110811
13.533647
9.333448
4.338960
-3.275658
-8.886103
-9.932043
-12.861591
-10.826224
-9.754019
-10.539296
-11.171392
-7.376160
-4.538367
-5.265328
-11.997006
-31.101350
-32.770583
-33.062505
-29.375484
-37.503997
-36.816093
-38.477783
-45.470408
-44.214715
-46.193305
-47.959089
-43.289206
-46.821191
-43.515669
-38.412088
-33.145348
-31.132207
-16.836824
-19.605184
-21.512938
0.255101
11.755791
17.890269
36.143589
39.344417
43.104816
44.672535
48.905958
53.864829
61.123955
63.376954
62.337688
63.249952
61.992944
49.771229
57.210196
54.458989
49.275660
52.469067
46.879976
55.512259
38.871079
37.467511
38.710308
30.221134
27.940053
13.179910
19.474209
10.113614
1.656913
-4.290265
-9.420954
-17.949378
-24.124392
-23.810695
-31.846189
-32.510395
-29.650270
-28.207807
-41.186284
-42.796654
-38.997185
-31.031783
-44.190132
-37.770831
-38.585339
-33.673750
-37.058213
-29.002849
-43.275141
-31.826292
-31.025173
-26.812450
-15.357352
-5.504742
-3.008985
2.374936
0.213951
-4.444539
-0.992208
-10.145088
-14.432685
-16.069738
-18.777007
-18.000896
-32.798991
-32.367849
-28.881553
-19.376534
-13.153452
-4.702611
10.291347
13.902906
26.114433
36.685965
46.957166
52.533692
59.170625
52.500714
59.961907
62.344640
59.246366
46.660894
49.568188
45.231448
39.713749
21.090229
26.837204
14.059926
22.724111
3.545969
-4.537119
-8.806024
-3.206816
-0.704158
-7.817811
-9.701799
-17.985566
-18.459057
-11.016581
-9.477948
-9.018170
-8.489561
-3.112542
0.513864
-6.659591
-17.614620
-18.044455
-19.436943
-23.328214
-28.097783
-33.848724
-34.708080
-35.765663
-46.533198
-35.960643
-31.581833
-15.152609
-7.873011
4.006388
7.723440
10.041130
21.221665
23.365155
27.077567
23.455281
33.276985
30.622081
30.007277
34.205276
36.022139
33.769777
35.306119
38.517270
38.801515
40.704163
47.361052
47.847422
37.709493
36.325360
21.802980
4.225103
3.199037
-1.856028
0.181522
2.262703
6.938749
9.458653
20.244162
18.568814
20.323243
5.685864
-1.616630
-6.651767
-16.128961
-24.985379
-24.507282
-22.401276
-15.648386
-14.298622
-12.892376
-13.337818
-5.375968
0.279406
-0.565314
-6.489999
22.870106
21.191294
29.413330
43.748308
47.190050
48.207294
45.408819
45.624318
47.722212
50.380995
48.403893
47.298598
49.073951
47.661206
47.202917
46.680434
48.568697
45.143797
46.952298
48.182083
49.398654
51.225703
53.871476
52.693936
54.008130
55.705590
59.356132
61.004069
61.263904
60.337971
60.229844
54.512772
47.742496
48.382304
43.932106
33.060569
41.978183
37.908414
32.848653
34.841817
37.468790
29.810709
20.514038
25.547566
18.079966
23.463855
22.425175
14.543832
10.947515
16.420012
9.989863
13.745189
9.353797
19.472362
13.632012
20.676544
17.454864
16.276098
7.406633
14.660170
9.189430
3.581465
9.968199
-1.374430
0.693479
1.644504
-10.840045
-2.502265
-10.894876
-21.315147
-19.921115
-27.558229
-31.202061
-28.838695
-28.941931
-30.645570
-47.191300
-49.664880
-41.940144
-41.989463
-48.516699
-50.241539
-53.411829
-53.206933
-51.817662
-54.767191
-58.025871
-49.532278
-50.855402
-46.891561
-42.707050
-42.634320
-29.834265
-28.180901
-36.451664
-34.271383
-28.107846
-23.189469
-22.017173
-20.586857
-18.110590
-19.252067
-20.501651
-23.532598
-24.558345
-33.255306
-36.557543
-40.377551
-41.413453
-36.409612
-31.692374
-28.189126
-28.770914
-17.702865
-26.957003
-18.107403
-22.411433
-18.715150
-20.191089
-24.525138
-19.774308
-21.555834
-19.620191
-11.500077
-18.129566
-9.442838
-6.153689
-17.376639
-21.712642
-23.427819
-32.039886
-35.010112
-39.003449
-49.169857
-49.020420
-49.311172
-48.791802
-44.936728
-44.459466
-41.461504
-40.580511
-44.998366
-36.666346
-21.730376
-7.385869
0.837978
6.450461
13.656480
27.775101
40.830371
51.504829
51.989187
57.235826
55.359748
54.148079
50.292374
42.966429
37.664973
29.201826
23.595930
11.189294
1.034933
-2.326736
-9.190482
-17.283525
-19.243176
-26.797740
-32.683185
-34.566573
-33.017804
-30.884517
-36.791981
-39.291152
-43.761622
-43.041077
-45.664322
-50.147641
-48.542959
-38.643134
-32.582009
-32.978916
-37.746764
-38.517463
-47.272731
-47.101260
-49.752945
-54.454531
-54.078291
-51.582184
-57.005032
-57.532821
-55.580868
-50.617487
-43.205933
-41.808398
-48.328217
-42.561921
-39.544962
-38.825088
-35.865534
-31.919669
-26.036586
-20.881445
-15.502116
-16.586001
-13.715762
-0.451678
9.200586
6.066690
16.334730
20.027815
27.628489
28.452099
33.281705
41.718293
39.818392
44.297625
53.441524
59.076332
64.324380
53.975056
65.077091
60.827740
56.712205
59.100602
51.131427
46.344238
51.341690
45.461400
42.947603
40.960882
37.364420
32.009801
23.102067
24.371807
19.895490
14.193345
13.206149
8.254793
9.607095
8.436045
12.847694
3.842667
5.560935
2.734765
2.655791
-2.192641
-1.757962
-3.173499
9.236889
8.206345
9.520019
6.959870
10.702841
9.406912
11.967498
22.408388
18.806315
17.429498
11.888897
1.243317
1.918952
-4.385861
-9.072079
-10.399616
-4.038327
-13.037980
-21.360510
-18.157106
-16.193619
-13.864117
-20.250756
-12.465861
-11.131831
-26.136781
-23.121988
-18.951307
-32.322360
-24.896016
-21.158064
-25.021967
-17.793653
-20.286030
-16.823092
-13.296086
-13.976432
-16.328461
-21.493482
-22.299906
-16.600059
-27.877996
-28.787701
-35.312564
-27.038432
-27.649398
-20.750516
-21.654997
-25.446236
-31.866092
-33.240700
-34.684474
-36.550461
-29.212027
-32.834377
-28.176340
-27.170617
-37.168240
-25.789529
-35.919007
-37.217474
-27.804476
-31.293796
-32.004182
-29.109520
-41.967055
-45.043204
-41.288030
-48.829069
-45.398648
-42.904844
-43.928219
-39.900620
-41.838880
-49.881346
-40.105695
-29.531581
-15.206554
-15.201943
-21.906728
-16.305907
-0.617657
0.680323
11.845874
16.847726
18.980917
37.227477
36.004874
33.018259
50.104838
49.982292
39.305974
50.232762
51.365598
53.815596
50.333773
48.623389
43.815601
33.188373
29.848604
19.903978
17.110558
17.219912
11.035945
18.576863
17.734458
20.887596
33.113364
36.993972
33.520087
41.333972
45.684612
49.492113
46.324929
47.972013
44.110842
44.600797
30.195812
26.862912
15.145732
13.204461
-2.353893
-11.505597
-20.646129
-21.069813
-30.566442
-30.636581
-29.757078
-29.824243
-22.688731
-18.150649
-18.381183
-16.081017
-15.049832
-18.019734
-11.432485
-13.445345
-11.673682
-16.405752
-14.363246
-21.598180
-27.870924
-24.451776
-22.798236
-18.112968
-6.842481
-8.950588
-5.132479
-0.130436
-4.659744
4.848175
-1.348547
2.077690
11.536703
10.893407
12.651488
10.285568
16.308885
17.174394
9.385778
16.069165
21.292793
15.516705
21.258449
26.100820
29.197470
44.764367
43.193376
38.313165
37.806019
35.939952
25.190593
18.030777
21.247642
14.765278
14.142530
18.628086
17.948606
6.477094
12.002882
9.533117
11.687587
8.113767
0.929048
11.586668
-10.015798
-15.347437
-9.775799
-17.868602
-34.738357
-29.980376
-25.524918
-31.663166
-33.005279
-19.144973
-24.351983
-18.241020
-19.964661
-21.012758
-18.000842
-10.068194
-17.684772
-15.082038
-18.576364
-20.230435
-9.590654
-10.611044
0.666230
6.343159
17.060852
15.871031
16.962469
24.844723
25.182934
30.575018
26.765463
28.850123
30.498336
16.872972
4.862755
-8.839993
-20.635712
-21.657441
-30.396157
-36.278543
-39.557239
-44.508780
-45.699819
-49.089101
-47.875129
-49.144115
-44.850575
-46.820890
-46.101518
-44.135229
-46.956880
-46.555887
-48.504750
-45.378068
-47.396462
-47.564707
-45.493296
-45.567167
-45.572963
-43.659366
-45.540808
-45.847164
-49.900395
-48.349047
-49.445748
-50.075189
-47.752948
-36.756410
-24.871790
-12.614250
-5.272687
0.119377
3.165063
8.805875
14.702324
18.853619
16.692209
16.329714
16.892874
13.412186
5.529835
5.474692
6.692000
6.250943
7.417684
11.435726
8.582344
17.662868
11.201872
16.557587
15.405535
14.227120
12.719701
9.812425
11.960349
11.694103
16.825219
13.984547
18.689850
15.574763
18.061627
16.278043
13.329502
8.914385
1.360857
0.630954
-2.011394
-3.697502
-6.854353
-10.916382
-5.289537
-3.487927
-3.597875
-4.127867
-11.562458
-9.976294
-13.970724
-18.533349
-22.904562
-23.609347
-32.878992
-34.426696
-33.945842
-37.846862
-30.974629
-31.966751
-29.215965
-27.224602
-29.139865
-27.302751
-30.968554
-28.747538
-26.617949
-23.411851
-24.545384
-20.295146
-15.919979
-13.423164
-6.995470
-11.623117
-12.944357
-5.978773
0.880969
3.935750
5.159313
9.544087
23.258485
21.386604
20.696211
7.549367
17.188442
14.368917
17.301300
19.924366
16.549408
20.693377
22.133204
33.718820
37.372079
38.319764
44.659188
47.388362
43.577548
42.051869
44.113738
46.921160
41.342058
39.859541
38.289996
16.337549
18.151439
24.393567
34.495606
36.362409
40.435639
38.267379
38.569446
42.696240
37.738520
49.999307
41.627562
39.106482
35.107046
34.673108
29.068010
24.415107
18.933700
22.595665
16.849326
10.640412
2.929115
-3.456488
0.652052
9.258035
19.166182
35.387075
43.083357
49.567988
52.987749
49.803359
46.577953
44.884706
43.702453
44.159491
41.967565
44.201154
33.758658
49.929223
48.110609
55.408845
54.805297
54.490737
54.756511
57.274495
58.705049
59.810860
51.141934
54.958075
54.556857
48.411817
49.484251
50.968703
50.790515
48.684299
42.489389
41.614293
31.258455
26.184902
13.392097
9.039354
1.219034
-11.623272
-15.555516
-21.644320
-25.379751
-21.778918
-22.335632
-21.363298
-17.904488
-22.893981
-25.542209
-19.941772
-13.721974
-8.133098
-1.994695
5.153752
6.034543
8.062860
11.461100
11.968628
14.550909
21.531188
20.600805
19.528243
15.972660
14.409460
16.505812
13.890981
12.435481
4.181832
8.589691
1.160301
9.399678
13.891663
16.305152
30.955485
28.081697
14.872923
25.997652
27.016293
20.017941
26.099493
15.626857
25.162523
25.588342
30.783615
24.461254
23.281655
23.902819
24.442226
30.148495
18.350096
19.613634
24.533571
20.832164
20.751426
26.851457
24.055528
28.664967
27.622769
32.151079
33.363354
42.828900
37.450867
34.813541
24.697146
20.172483
7.774430
1.037751
-8.524544
-11.269966
0.592463
2.051483
10.262816
26.285319
29.259964
29.589253
20.490615
11.050582
18.884052
11.135155
12.782879
10.889704
16.251678
19.131455
17.070030
11.282159
13.943291
13.878329
14.730198
14.309302
12.063407
13.366843
11.616156
6.563617
12.908334
9.784098
14.922687
1.247805
0.402751
-2.143486
0.057460
3.598799
-7.576967
-8.263138
-23.813819
-7.924853
3.254809
13.447141
12.455409
20.759896
22.361696
24.350062
27.426071
38.098976
43.916816
47.434315
42.234571
36.053390
21.206437
20.560248
15.004859
14.850060
7.986074
7.113866
12.436035
13.604943
3.675985
18.439247
20.114239
16.153224
12.499904
18.661545
20.325170
11.612072
9.272968
11.242637
6.905861
-0.760549
-4.601380
-10.560571
-12.952956
-9.789128
-7.659913
-12.118496
-11.986507
-14.555668
-16.452754
-15.861255
-17.719187
-20.727170
-19.713273
-34.045731
-26.392637
-34.106047
-30.370695
-29.116097
-34.820319
-36.878367
-27.016142
-22.166730
-18.151564
-21.935678
-29.959200
-39.621313
-38.879092
-41.060510
-40.374260
-41.381494
-40.696688
-37.859859
-37.731409
-34.640387
-31.514044
-22.525620
-17.542557
-23.059079
-21.836146
-14.711582
-7.723909
-8.042907
-8.950333
-11.084871
-6.020632
-1.866300
-7.515214
-6.816735
-15.201419
-21.333873
-24.486622
-26.950955
-16.226420
-8.471921
1.733053
15.877088
34.089226
42.725084
46.909517
48.475445
52.629294
51.862165
52.701556
50.337555
47.441948
46.375021
46.285592
50.167491
46.285810
43.919596
41.299205
35.047289
38.912251
27.472431
30.613707
30.994885
25.563867
24.727916
26.836086
23.693623
24.690196
22.696435
18.895210
18.234448
10.791840
3.073704
3.795887
-5.337034
-2.217186
-6.849734
-4.206221
2.313961
3.008642
3.928590
13.635028
10.653516
4.267250
5.137286
11.752239
13.968171
17.850816
35.615468
41.524774
44.744362
50.528965
50.729543
49.544782
54.533718
51.790310
54.957714
54.080151
53.011070
46.844833
44.759915
41.162470
43.889497
39.699048
32.027599
28.927440
23.409312
13.206679
12.716665
14.202901
6.038356
3.273010
0.887532
-8.131128
-9.713919
-13.205583
-6.569692
-11.596023
-7.631770
-8.928342
-13.088152
-8.053000
-15.833091
-32.169177
-34.960213
-30.400543
-19.974748
-15.061225
-7.024650
-11.413377
-1.911959
-6.081901
0.481221
-7.510825
-11.576360
-16.615687
-2.406807
-4.907064
-9.283763
-1.183447
-6.424897
7.314724
2.851468
16.640781
12.654876
9.800922
12.194259
14.539046
18.382065
29.772630
21.573052
20.610271
22.537686
16.611486
11.397376
10.645074
10.882908
10.097793
13.299941
13.571588
8.286464
10.336179
11.349210
19.521124
18.206419
14.183769
14.612197
16.000711
12.544510
1.293142
9.301726
7.677288
-3.404240
-19.277074
-11.754329
-17.229154
-23.369084
-24.777433
-28.634451
-42.163447
-43.467558
-51.835450
-52.221768
-47.217036
-44.379300
-42.796965
-40.280712
-31.707095
-28.610394
-36.668122
-29.972871
-41.286847
-30.309579
-35.335017
-29.230256
-34.632706
-39.896738
-43.531030
-42.729928
-45.368572
-48.058465
-43.059463
-37.676176
-40.123521
-46.300253
-46.629311
-50.412784
-46.158243
-48.144725
-53.128891
-52.869590
-49.072571
-49.590220
-37.785700
-43.269606
-42.442348
-35.693473
-37.669589
-42.434404
-36.712654
-29.238009
-32.526608
-32.751880
-31.940370
-38.020867
-44.211240
-45.332584
-40.332324
-37.373671
-43.082406
-34.454990
-28.366147
-25.922293
-26.545819
-31.460921
-25.224597
-11.891598
-13.947726
-8.197885
-1.804314
9.238516
13.317337
11.382219
15.395231
27.008079
22.314764
35.885529
32.370793
39.920735
41.250469
44.168107
39.397393
38.210567
41.349946
33.422757
38.503279
26.833827
34.172880
37.778431
35.672545
39.218892
32.549258
33.339674
33.979575
31.029295
44.551183
52.339847
50.675122
53.217066
52.964307
53.306676
52.175513
43.986952
48.632746
48.286165
37.782639
40.454703
42.645785
33.105155
33.157076
40.485869
40.923577
43.274333
42.165443
30.391698
33.734595
38.826881
43.667240
39.377778
35.436980
36.348747
40.704786
46.430326
42.170053
36.670539
32.767809
34.838280
23.159640
29.349874
35.130617
40.825437
38.236632
45.200355
43.065445
44.490758
36.086755
34.418544
29.294825
32.296144
31.166258
30.452178
22.300526
14.553835
20.554393
8.001648
10.593856
1.626814
-4.200994
-7.962125
-10.862134
-5.135205
-3.858146
3.559726
-1.339363
-1.181963
1.854456
-6.004200
-4.550620
-8.216218
-6.668512
-4.547155
-7.725322
-9.362645
-13.956668
-12.643540
-16.069549
-11.586560
-9.104676
-9.794213
-11.930930
-7.712676
-10.359637
-16.942682
-25.877601
-25.630691
-30.446559
-42.101027
-44.593705
-41.730759
-38.877987
-34.331760
-35.937345
-39.585234
-29.628485
-37.428589
-38.860451
-35.385658
-30.568182
-33.812303
-35.518112
-37.705756
-34.203368
-36.702035
-41.648055
-44.470452
-48.582389
-48.325046
-47.677274
-43.603175
-43.622376
-44.956098
-42.822571
-44.684064
-50.115591
-48.704515
-50.459324
-47.388741
-46.885901
-44.583553
-43.475611
-48.796686
-38.791576
-38.654371
-25.862568
-21.571616
-14.779538
-9.457885
-4.073911
-7.108962
-11.851199
-15.848994
-21.019168
-27.976357
-19.838653
-21.197748
-31.285662
-25.067268
-31.425291
-29.243371
-33.822282
-40.911593
-43.375921
-40.910810
-37.524589
-37.936593
-36.914115
-31.348680
-21.124119
-5.967752
-11.413005
-9.026740
0.661218
-1.320270
7.665419
13.424240
4.677981
-2.676191
-9.689650
-13.187537
-14.489608
-12.330148
-18.660566
-18.985475
-17.868500
-33.372781
-41.132816
-47.867356
-54.461944
-51.323812
-50.207398
-50.224530
-54.815364
-52.405574
-47.162334
-46.676941
-42.705423
-49.531791
-50.345298
-53.173061
-50.115381
-51.731326
-50.187397
-44.564838
-44.757622
-39.328877
-31.552343
-27.086106
-27.054161
-23.191437
-17.105322
-18.861318
-22.590175
-20.591792
-17.748998
-12.689319
-16.799402
-16.635521
-14.734249
-10.993519
-12.381314
-13.469738
-9.014344
0.521894
9.608724
16.405193
22.053659
32.692102
30.460790
35.303470
42.022368
48.093581
47.809851
47.371672
48.079750
48.530570
48.621966
45.151555
48.292307
49.397015
46.772457
47.940223
49.470159
47.679694
49.478678
47.991566
48.217936
46.160191
43.050858
41.523721
22.815757
0.400283
-17.163889
-24.616818
-38.600560
-40.462664
-47.995345
-50.561253
-47.827182
-50.093525
-49.856776
-47.923362
-47.665014
-44.262802
-47.024689
-41.493050
-44.539456
-43.537789
-41.737279
-38.577886
-38.089022
-36.502053
-31.287869
-27.244869
-19.621009
-19.936675
-24.228714
-24.529674
-24.536463
-15.060838
-14.413053
-10.296037
-4.321473
-6.101813
2.027726
9.102209
10.158621
4.769053
4.193657
1.081943
7.632629
2.974282
1.398618
2.092279
1.211194
-2.931592
-9.404977
-2.957699
-5.105145
-6.265575
-1.863240
3.248951
9.794051
17.187980
7.187316
12.385098
25.542906
27.381776
37.847553
37.890354
42.833938
48.000739
47.407740
49.477070
49.635939
52.986087
52.998560
53.043797
51.307299
40.902082
38.282739
33.356932
30.412541
37.080138
39.728487
38.864289
43.685286
34.437824
30.470990
22.876017
15.203825
8.788348
3.971605
4.746189
17.712807
20.869403
18.650821
23.814331
32.385945
26.923851
24.600334
21.356983
26.592421
24.884639
32.141145
33.054131
37.654949
31.073642
21.091670
2.638303
4.129728
4.555405
5.763234
-8.882604
-1.232266
7.909000
-2.902465
-12.281654
-36.326459
-40.750371
-37.458796
-42.168587
-50.249265
-44.551135
-50.131619
-48.002672
-48.615560
-51.349325
-57.200117
-51.940807
-49.662206
-48.704492
-46.919077
-45.670790
-45.490393
-41.112616
-42.033571
-32.202515
-37.041971
-37.433092
-36.573080
-42.499239
-44.359103
-42.623740
-43.537572
-34.436524
-35.401641
-31.164293
-22.165791
-22.594508
-29.242381
-27.134471
-20.910192
-16.988491
-15.120631
-18.298543
1.971193
11.901790
11.695820
18.580531
34.574649
34.568161
45.596004
40.862002
45.306428
45.378348
46.596875
46.067443
50.345327
46.065584
48.100980
46.236872
44.318087
48.628118
53.321966
48.874856
50.489862
52.328339
50.498192
48.848111
46.101584
38.875495
41.023875
33.896700
29.293708
27.222044
10.982452
7.729955
-8.313496
-8.166406
-6.004106
-7.203802
-2.196051
-7.664817
-10.250425
-13.701508
-17.746472
-18.538877
-27.343414
-26.959156
-32.489247
-29.975542
-37.772043
-41.637803
-42.288312
-47.979855
-41.743871
-42.517603
-35.451601
-36.206093
-34.379815
-34.107151
-34.366712
-31.717777
-30.715930
-34.861266
-35.241705
-32.795948
-37.933428
-36.522969
-34.482288
-37.053166
-37.968888
-34.967036
-39.006552
-38.923695
-41.325950
-44.439124
-31.937759
-36.926204
-33.890158
-38.013664
-46.961555
-44.505134
-46.687760
-48.525563
-52.466055
-44.077101
-44.905208
-47.286729
-46.448384
-43.265676
-41.505723
-35.464629
-39.037500
-36.780701
-37.261411
-39.011287
-37.340775
-31.860746
-37.853956
-34.892518
-34.135033
-33.578952
-13.902712
-18.284623
-5.502489
-4.855382
3.468094
5.918169
7.872585
14.800789
25.084876
33.141579
39.385977
43.284617
47.607191
47.469696
50.077994
48.305054
41.587013
40.646464
33.115697
35.429492
33.553569
33.553794
31.552170
28.120354
24.689014
16.105018
9.230384
3.529072
-3.362284
-11.284974
-12.830840
-18.585989
-18.326840
-20.305663
-22.870682
-21.773388
-21.059627
-20.938276
-11.256264
-13.137333
-16.316977
-13.263317
-24.084388
-20.773715
-17.216826
-17.536952
-16.402798
-21.191235
-28.150882
-26.568390
-20.274317
-26.353803
-25.259289
-23.963364
-26.600874
-31.412083
-25.768321
-29.414422
-29.645438
-27.456410
-29.926586
-32.760814
-29.166357
-32.143219
-32.158624
-34.197685
-28.966624
-29.056917
-27.195987
-18.480525
-18.414789
-14.137258
-19.217947
-15.353537
-21.535001
-20.528503
-21.799219
-20.963988
-13.993326
-7.835410
-10.926600
-4.307890
-5.252285
-7.741542
-3.625556
-6.259012
-19.541113
-27.881744
-28.355294
-34.451836
-44.126553
-48.909599
-46.528078
-45.918347
-44.759459
-44.102606
-34.082674
-28.777995
-21.805560
-25.370003
-23.906269
-11.473436
-9.448666
-4.514465
-1.308153
0.603320
-2.380342
-5.141875
-3.787856
-3.207855
0.078400
2.589554
1.890434
-4.920081
-1.051701
-7.507908
-1.275467
-0.850413
-12.637124
-22.300162
-29.193728
-41.448585
-42.971717
-43.476875
-35.057585
-42.589050
-41.780838
-34.803874
-24.601741
-24.617118
-28.649870
-20.795196
-13.234848
-15.447226
-10.386193
-6.131976
-8.480144
-14.416963
-14.351901
-11.182825
-8.460463
-7.687225
-5.444881
-7.014238
-6.113450
-1.583830
-7.731148
-15.126669
-6.192630
-3.176772
-2.203719
3.154340
0.957374
0.766583
-2.337418
-12.803654
-15.374975
-26.161540
-31.265602
-25.848766
-27.517421
-28.492286
-24.944497
-27.007144
-23.417808
-22.466263
-30.059504
-24.719625
-17.346181
-9.096965
-5.139654
3.574286
5.365452
3.434047
8.211593
-0.661317
2.345549
0.609718
-0.715305
-3.062841
-8.357094
-10.841844
-6.001556
-4.107163
0.415731
14.597875
13.276536
19.280061
23.884006
24.638825
23.433044
21.724651
17.003188
19.691205
15.326183
18.579565
11.537625
10.169229
12.492312
9.882181
8.065940
9.451000
6.648377
9.478992
8.241864
12.008222
8.143016
11.230673
7.139992
9.531730
14.973240
18.075499
24.489380
21.178860
22.445325
27.190818
26.001892
30.373479
27.502280
33.270244
35.606762
40.756089
36.818834
37.266855
37.712858
48.536748
42.351751
45.403496
40.640066
39.213063
32.815384
26.354021
34.267282
22.555475
10.036383
7.465925
-15.697614
-21.117753
-31.661865
-30.893932
-39.198109
-40.798492
-39.445697
-31.522319
-29.541325
-32.647868
-17.918866
-11.648441
-8.359843
0.273499
-1.032713
-1.171107
9.351066
12.939974
13.010474
17.392584
23.253130
16.312316
16.256104
7.895921
3.795017
2.350074
0.627347
-5.164334
-16.927946
-25.294390
-34.528866
-33.129191
-43.975834
-41.619536
-41.795723
-43.165969
-38.957086
-39.724848
-40.133827
-35.918711
-28.849632
-26.467693
-23.468455
-24.975579
-27.672543
-27.734760
-29.394412
-25.346716
-23.596609
-18.297554
-18.766967
-18.973484
-15.331189
-10.133415
-9.150899
-6.828807
-12.085860
-11.562416
-15.443399
-18.692462
-14.690536
-21.741440
-13.251120
-15.301120
-17.935555
-11.594676
-6.125108
-9.059484
-11.167080
-15.662871
-12.468870
-5.054431
-11.341587
-8.143485
1.216803
-7.528841
-9.169073
-3.609707
-5.920366
-0.142382
0.101751
-1.399186
2.919205
2.548253
9.160942
19.406757
11.986144
11.518134
16.161400
31.890262
28.476646
31.965848
33.599824
39.543536
41.991090
49.165363
51.930144
57.625066
64.382441
50.002858
43.708995
39.927299
29.981244
30.387593
35.896153
31.854548
32.667263
21.720446
21.959348
19.844430
6.297066
-2.933938
-15.458529
-15.872826
-18.676786
-25.031949
-21.720317
-13.209967
-14.439802
-13.221954
-4.314823
0.674793
-3.910769
-4.869500
-4.932738
-10.959572
-8.667977
-12.379895
-11.483648
-6.902021
-10.466769
-8.139216
-13.231519
-12.715921
-14.873485
-18.234679
-24.883983
-28.546327
-34.494052
-36.244214
-35.560283
-40.579156
-44.562186
-41.624716
-42.894469
-41.332554
-38.361027
-40.107415
-33.068687
-35.042764
-31.855190
-27.036289
-26.882261
-27.976051
-16.048517
-18.159874
-10.990185
-4.336371
1.916895
-2.091010
-4.076232
-4.596782
-10.180831
-17.123995
-17.180149
-14.199662
-11.389413
-4.337209
-10.766386
-3.593681
2.846302
8.562159
3.996950
8.987950
2.811444
5.070338
9.327017
6.153515
14.254257
16.488942
22.636278
26.240425
33.138728
31.873611
29.725120
28.674548
35.119290
33.098801
27.986335
42.198395
35.787647
42.432727
31.811015
30.895097
32.889893
28.129437
21.291030
23.692882
19.766084
23.925473
29.065846
20.756434
22.760223
23.220987
24.207994
29.607171
21.712039
24.896163
25.105086
25.772345
25.816775
24.034880
25.122157
25.601866
32.293059
31.702389
26.510024
30.050520
36.327306
36.812420
25.870768
19.012977
5.974979
9.383596
0.784279
-6.649990
-10.785275
-10.248811
-7.961390
-3.972576
-1.625692
2.326060
5.651913
11.083134
10.351597
14.537235
14.196824
8.096223
1.479339
2.780083
8.355383
6.556436
6.655380
9.202518
3.553185
5.344252
-4.944243
-5.617514
-19.931383
-23.843267
-21.129473
-32.886172
-41.694928
-38.084890
-39.675110
-43.158026
-35.037390
-30.589234
-30.524225
-22.844425
-21.567060
-21.456743
-15.223267
-19.388101
-14.466172
-12.536293
-3.434078
-7.124101
0.249276
-1.982518
-0.799125
2.924007
3.933956
5.222250
-0.974507
2.489974
-1.532190
0.094169
1.986667
-6.921866
-7.850557
-10.815116
-10.436853
-12.437574
-10.016798
-9.668743
-10.153625
-15.781753
-13.160668
-12.861355
-13.759887
-10.325869
-10.092205
-11.041543
1.426000
4.634414
14.785141
25.729602
26.207441
30.272910
30.669115
29.653980
30.128462
26.320853
21.600644
18.755494
6.216927
6.609721
-6.068494
-9.017697
-21.160595
-20.514818
-29.551106
-32.067263
-29.765837
-41.069621
-38.851891
-44.512923
-45.047549
-41.896770
-43.682057
-46.260996
-31.124371
-43.085548
-41.618107
-45.528313
-43.572806
-41.298669
-37.632464
-35.908005
-27.197460
-26.451811
-28.367853
-21.624662
-16.874034
-16.515580
-11.500556
-4.028314
-1.702238
7.162856
14.654032
18.635646
18.887428
20.893896
16.004530
18.300188
21.871810
27.824597
32.873468
39.342638
37.168231
39.300937
42.946114
36.150476
40.771986
45.560777
35.297198
37.606255
24.949379
19.142894
8.590768
0.429368
-4.768448
-10.120143
-11.079962
-13.827435
-27.466446
-29.148704
-32.320648
-32.161765
-40.940784
-39.046996
-42.600400
-46.447955
-46.761013
-47.283345
-43.822141
-52.090715
-51.056941
-50.895559
-51.672531
-49.346124
-50.339423
-49.836415
-51.834821
-44.152902
-45.492768
-48.422782
-45.243372
-48.911070
-43.631672
-46.305307
-44.909355
-42.938548
-35.918359
-28.247397
-30.538535
-40.003444
-37.741805
-33.737225
-30.535985
-30.100207
-36.358508
-35.732613
-38.023007
-41.957205
-44.339041
-42.453048
-47.159498
-46.971169
-46.953011
-44.671879
-45.399877
-44.909532
-44.151913
-40.001340
-34.890551
-32.605882
-31.798757
-35.084918
-35.775560
-34.167792
-28.398522
-25.034311
-24.984845
-17.567185
-16.821167
-15.818405
-19.279372
-10.693215
-13.409120
-11.527203
-3.255875
-3.635587
1.152019
4.588133
3.912803
5.972404
7.120311
10.141310
7.246341
12.443291
14.712985
14.659842
16.730735
14.249537
16.110514
17.441823
18.726458
22.083863
22.253078
25.569300
24.755915
26.924810
28.909616
27.911338
35.161553
37.460578
38.823702
49.072825
52.999012
56.464764
55.977151
53.183151
46.284479
49.610505
46.506816
48.279612
45.241951
42.526537
42.344319
43.524592
36.984489
36.436203
35.994639
24.909119
28.376418
37.843172
37.883168
36.135581
30.735700
32.789572
29.754374
40.424257
33.038950
35.082029
42.692886
47.437049
39.884069
38.524007
43.830035
46.666343
54.860573
45.196554
49.884679
35.850480
32.820009
32.264577
21.763717
8.843482
21.170297
12.514422
13.647955
21.674506
14.809576
17.930678
13.473540
20.061741
24.052960
20.593148
25.044772
27.759966
25.732127
32.554857
25.518868
51.094234
54.508246
57.971385
54.518432
56.513787
56.725904
59.610485
57.201210
54.767039
51.239926
40.420661
28.918027
25.473418
14.666987
6.797594
-2.761622
-12.062344
-12.471417
-18.069557
-32.749836
-33.291021
-36.705181
-39.160108
-35.011125
-42.041937
-36.060239
-35.624361
-39.583631
-31.047706
-37.523213
-45.355629
-41.594040
-35.843381
-42.453221
-38.382824
-32.145466
-25.495010
-28.756747
-17.802765
-11.693823
-11.967718
-4.762417
-17.163066
-9.460332
-11.729193
-9.414603
2.718102
7.007369
2.151638
4.809900
7.582305
7.843111
11.115595
10.257395
0.150442
-5.168181
-10.528164
-23.188518
-28.619404
-34.810268
-32.852765
-40.124733
-37.466938
-43.637853
-41.050738
-48.271253
-48.706361
-49.564178
-50.709903
-52.835775
-46.055102
-36.897123
-34.039932
-36.117762
-27.346608
-25.027291
-17.130837
-20.068128
-12.200723
1.235207
3.698513
9.166915
9.468168
12.414844
6.760584
7.825830
5.331676
2.991301
-1.785347
-1.567924
-0.259066
-8.024348
1.326989
-4.856341
4.538402
-4.971326
-4.995867
-3.945363
-14.306142
-25.832476
-25.203035
-22.885274
-22.676134
-30.097376
-24.428289
-23.733372
-20.393693
-19.619111
-20.576002
-13.079508
-18.939894
-17.969403
-18.171535
-9.498127
-17.050680
-8.715519
-12.817481
-11.385663
-9.887068
-10.697394
-14.436377
-24.458826
-17.253365
-21.937887
-24.781920
-33.152178
-40.540444
-39.053430
-44.771537
-38.062189
-40.987237
-41.431275
-38.252792
-46.326978
-47.727773
-43.929431
-41.290463
-34.939677
-32.745030
-38.337414
-18.483475
-10.430334
3.293138
7.081210
13.167188
12.187783
10.528226
15.792111
14.849520
5.187979
-7.180961
-10.672082
-21.187506
-27.780080
-23.376206
-25.339627
-29.000255
-28.399096
-22.349942
-21.836642
-19.208532
-25.242553
-30.234127
-34.354551
-31.600928
-31.337785
-29.724424
-28.343422
-29.883547
-25.751869
-27.754104
-31.049539
-31.337951
-39.009503
-37.911563
-33.420599
-36.582910
-41.719611
-35.395448
-29.857687
-29.968811
-15.511633
-8.128808
-5.072150
-1.731826
-1.405485
5.296212
0.166393
-0.686702
-5.866350
-5.704862
-2.847612
-3.621595
-2.070546
-0.882154
-1.000337
0.231119
-1.096683
0.051241
-1.313300
-3.696878
-3.866884
-8.875844
-12.199299
-12.407756
-16.061126
-13.443446
-16.285170
-11.519408
-10.303840
-13.937091
-11.245976
-8.033537
-15.184493
-18.563040
-19.650685
-11.552832
-12.314315
-2.565848
-2.893495
12.616367
19.883552
23.355642
23.876971
40.769445
38.327629
41.456363
45.340256
42.418107
38.979760
38.087522
38.813445
36.414300
36.389815
37.885535
33.400044
40.111727
35.211553
32.290779
29.788385
25.646019
27.474753
33.905266
29.897439
26.570728
25.831016
19.220387
19.530301
14.536522
13.716603
10.132186
-1.807118
7.257380
-10.635904
-8.212393
-6.112099
-5.066884
-5.131041
-11.072022
-3.561688
-3.374594
-5.006700
0.659697
-4.405558
-3.668513
-10.828353
-7.016745
-9.613710
-1.487222
5.694653
6.172696
0.573143
4.263102
4.743022
12.837992
3.590122
16.018597
19.520026
13.951106
13.928531
9.088244
0.546893
2.238915
6.130769
-1.045903
7.740874
-2.993625
-6.707615
3.638947
-0.074084
-0.225190
-0.448072
3.742737
5.440267
1.228593
-1.544766
-0.157771
10.354720
17.611937
24.322631
26.180352
19.932168
22.097707
18.369722
22.618939
20.961971
28.730487
18.257261
15.581071
15.631690
11.688534
6.600168
15.874103
23.672563
19.284959
25.377711
17.995694
13.886922
21.760613
21.078694
19.482466
35.555927
42.636759
39.480608
41.539104
38.517918
37.778817
41.588621
42.523331
47.177102
47.843479
47.747885
44.751254
53.518007
48.013808
52.274163
43.603190
27.348494
24.956245
10.687318
11.100855
9.303782
-8.912169
-12.643912
-26.237137
-29.765698
-29.596156
-33.104570
-37.679837
-43.066350
-38.970592
-44.117946
-36.644635
-29.793598
-30.626926
-18.924440
-20.610078
-8.407717
-13.918441
-3.424536
-0.939661
-0.705409
6.797582
2.247518
8.916728
26.714543
16.037875
16.127236
29.838842
27.643210
31.390441
30.836975
29.505602
38.484264
40.211804
41.965082
53.110363
50.373295
53.415787
55.687161
46.289343
52.657913
54.169029
40.056055
48.850406
46.626794
36.861699
30.701850
23.673234
17.436084
11.868211
9.873471
12.221130
26.387446
8.045124
6.430262
2.868939
-14.467234
-4.603870
-4.736670
-17.653160
-19.993532
-20.195140
-18.757674
-24.437004
-19.940730
-25.246444
-29.868311
-8.162764
-11.534376
-21.346387
-15.042215
-19.415818
-25.360291
-10.458789
-8.093291
-5.002192
-4.048562
-6.170440
-4.247534
2.762832
7.494322
11.287662
22.935091
40.418877
45.523335
46.054843
47.889754
44.605233
48.011176
47.021686
47.340289
45.217457
38.515636
33.117513
22.664900
7.377965
8.515629
0.143750
-6.023134
-16.923498
-19.338191
-33.663264
-38.594636
-43.559890
-45.737422
-48.430658
-46.284125
-43.369826
-28.456352
-26.440811
-16.759559
-16.440275
-10.879802
-9.898530
-11.471892
-2.215921
-1.643512
-0.907881
-4.525514
-5.906257
-5.491640
-21.144565
-30.111269
-36.772259
-45.145689
-48.731015
-43.671909
-44.028472
-44.334695
-36.800992
-43.872200
-54.137460
-52.879684
-46.689109
-44.196474
-39.354941
-31.105734
-24.633773
-22.616853
-15.163034
-28.586714
-29.016022
-26.583262
-34.448237
-39.548306
-40.424898
-44.299759
-41.787599
-34.430154
-32.398126
-26.086072
-13.271777
-4.859409
0.690563
7.599404
12.233575
20.040605
24.609965
25.675047
23.597543
17.457493
7.642725
2.781613
6.421294
0.987733
-1.529970
-1.540467
-3.588023
-3.079512
-7.756036
-18.781508
-23.113418
-27.215546
-32.400480
-39.172969
-38.362078
-35.699485
-41.345572
-42.943653
-30.497258
-40.050156
-33.146342
-31.699546
-22.356923
-22.074232
-25.423826
-22.781693
-24.168464
-32.587366
-35.242853
-38.808073
-27.532545
-30.315438
-28.734221
-32.259846
-38.020537
-32.996285
-32.222342
-31.004476
-28.282949
-25.103502
-22.282535
-21.207541
-15.447820
-18.344507
-8.210817
-8.132160
-1.397046
-1.044136
6.912101
11.707721
19.876032
28.840681
14.455979
10.336633
6.215917
7.220303
1.571243
7.308610
4.786945
7.659181
7.262723
11.053201
8.135028
19.703295
21.180418
36.547903
36.092935
40.648627
48.286120
52.943047
55.623728
55.828611
55.375628
51.689600
55.234501
50.777501
56.091256
57.873759
55.461814
56.257415
59.470082
56.953488
55.771497
57.966061
57.161630
53.962072
52.366155
52.013434
55.240915
51.707414
43.554013
43.261481
30.915671
23.388371
15.066894
12.078650
4.971167
3.799590
2.660787
-1.278398
1.475768
2.271717
5.140162
-0.889286
0.417857
-6.622765
-7.181515
-0.688408
0.765633
8.854691
2.732017
-1.582821
-2.249611
-3.003974
0.702298
-0.925550
-5.627422
1.779911
4.329997
-2.693819
-10.244995
-19.772467
-33.807520
-25.544039
-26.644990
-24.837001
-17.056832
-16.582617
-25.077733
-23.276787
-32.642513
-35.627006
-35.620757
-39.505135
-31.987028
-32.299715
-27.512402
-14.995848
-14.055735
-8.139025
-14.326417
-5.859722
-6.729134
-9.211544
-14.202127
-17.368511
-22.891808
-29.703351
-38.755318
-47.320567
-46.457060
-45.548069
-46.733855
-45.940025
-43.068053
-38.087954
-33.141314
-26.814013
-17.270596
-20.699430
-24.152362
-31.623085
-32.924692
-34.287348
-29.870294
-22.763346
-18.123717
-23.375228
-25.009349
-35.341756
-39.304645
-39.255624
-44.084444
-43.991139
-39.104712
-37.083374
-32.772198
-29.260879
-20.966740
-26.116278
-31.202657
-35.088256
-31.682359
-30.043182
-35.012338
-37.915198
-27.908730
-27.361780
-20.974989
-17.997374
-14.401050
-13.104518
-9.041164
-8.711633
-2.129578
-6.035383
3.311197
12.296322
15.493295
22.503450
25.637193
24.370000
25.639437
24.025743
31.622669
27.288053
31.453881
36.999904
32.305923
25.233271
15.688204
16.868975
8.652875
12.767688
8.361128
14.114643
0.216852
15.412383
13.359588
10.057138
18.935289
18.536055
25.233458
19.993908
25.960161
23.641601
26.367293
24.055937
30.941912
25.743409
29.736988
30.010211
30.517939
31.328151
35.050785
39.836848
43.869406
45.748133
46.002841
46.583818
43.191578
46.966319
43.982466
43.410989
46.112403
47.808022
46.899867
45.924796
39.781881
42.854080
34.153571
38.758741
34.583119
34.423368
41.862410
34.544792
26.914281
27.270126
23.232093
22.293390
15.990492
13.535836
11.184359
14.988298
10.767070
10.062099
8.567645
9.158626
-7.997064
-18.113836
-21.752122
-30.358157
-36.817521
-37.046674
-42.072727
-40.185777
-35.802448
-40.955250
-39.404830
-32.151619
-32.996515
-20.854572
-28.557894
-32.452723
-34.446595
-42.462815
-45.119435
-47.542769
-44.425993
-44.362355
-45.970689
-44.722239
-45.390039
-44.584061
-51.278511
-50.829846
-47.094470
-46.042537
-41.678935
-47.083669
-40.606752
-46.967133
-40.278611
-38.687086
-34.530714
-33.953353
-33.138161
-30.437740
-26.975953
-19.483624
-18.075186
-16.728766
-8.065178
-10.960639
-7.313391
-13.372814
-16.810833
-14.126827
-12.275689
-3.781967
-6.507762
-20.531834
-25.417022
-30.558797
-39.219905
-41.400243
-41.226383
-48.060523
-48.151071
-52.089375
-47.252880
-42.663712
-39.515018
-39.430016
-28.437108
-36.720048
-31.569109
-32.395381
-35.103815
-38.833618
-41.054589
-42.505140
-48.333161
-48.349213
-38.072348
-43.047883
-44.528558
-50.615834
-50.674625
-46.731702
-47.566782
-49.174360
-47.253842
-40.307429
-46.507526
-37.289605
-38.245981
-43.433292
-44.790523
-49.406149
-47.492798
-44.015132
-35.626805
-24.602309
-18.882448
-19.394974
-20.524052
-29.383943
-24.080880
-19.573014
-14.438461
-19.622538
-14.239934
-14.912332
-7.228907
-11.222299
-14.011119
-12.336524
-19.192346
-18.035714
-16.332397
-9.416853
-10.507251
-3.856085
-1.182416
0.980451
-1.698178
5.917271
9.427819
9.065599
8.255011
30.895495
23.745490
27.388617
29.728601
30.686906
29.609978
27.192893
26.053787
17.878210
13.710541
14.243402
12.823913
8.948753
17.814025
17.091890
9.855561
2.276422
-1.501405
-3.664627
-4.404784
-4.878942
-8.922415
-7.204060
-7.151864
-7.749694
-6.085723
-7.282703
-7.260762
-3.782454
-3.407156
-3.356523
-5.346470
-5.673795
-4.310038
-3.508983
-7.365561
-3.635856
-8.268835
0.624826
-11.582022
-12.905252
-24.984129
-30.142817
-41.277721
-36.386623
-34.256617
-32.429790
-32.586432
-36.316644
-35.404239
-42.708081
-41.698273
-42.614766
-46.563931
-48.576293
-44.445196
-49.033675
-49.513696
-48.189057
-48.236599
-47.798256
-48.693982
-47.027688
-46.052914
-41.513048
-39.877710
-39.204678
-33.730912
-35.127862
-35.117868
-27.544351
-20.582770
-17.992251
-5.343754
7.980794
18.487779
20.576416
18.471879
16.755882
21.842400
14.539849
14.913017
19.889798
20.166004
21.216027
20.643407
15.406897
18.885937
15.933411
19.509998
8.236438
14.541737
4.222565
0.791908
2.093767
3.867941
6.965595
5.146408
15.887293
9.175826
11.854933
13.778315
10.556961
8.417959
8.394419
14.647074
13.265363
22.947789
24.326769
24.255134
21.032986
18.138951
15.395264
14.976714
12.355001
6.101758
7.286763
6.301749
1.081711
-4.033301
-6.433842
-14.258419
-18.199178
-20.491112
-32.954078
-34.471746
-32.338828
-42.894444
-43.745925
-46.206642
-51.608538
-49.795924
-45.525912
-40.482608
-47.016851
-51.511769
-51.900232
-50.823621
-49.921667
-46.645468
-47.492237
-45.639103
-46.061844
-49.285889
-46.835129
-45.104270
-44.981690
-42.394708
-40.509068
-37.991196
-40.418405
-44.734839
-45.246887
-39.099023
-38.156776
-39.285438
-43.599742
-41.313198
-33.394094
-34.788143
-32.015578
-36.081359
-35.500303
-27.021903
-20.447896
-21.101596
-8.564703
-2.588370
5.667482
7.125059
17.491344
24.110144
27.047381
31.884435
32.051730
29.405216
27.144476
29.196031
26.832385
30.330874
21.725651
19.231693
20.548701
22.468549
24.791061
21.497565
10.603061
-14.639437
-11.956485
-18.843255
-19.295257
-20.384301
-19.139566
-27.196476
-33.939297
-27.537479
-30.611344
-31.487593
-47.672833
-45.587529
-51.625649
-50.809049
-44.132098
-39.104901
-42.851625
-38.698579
-37.951362
-34.387592
-35.989093
-40.111874
-36.199713
-31.674579
-29.991483
-26.423971
-30.933713
-33.316961
-31.436742
-32.185983
-28.720630
-22.150759
-13.446187
0.882446
1.470123
5.256520
8.541982
9.495668
19.979972
20.295861
21.993783
22.625601
22.615971
22.173096
22.190515
14.825278
18.973622
14.443077
10.983667
16.780298
10.341363
5.313370
6.102804
-0.988544
-3.868260
-5.666563
-7.996831
-5.405579
-7.501082
-3.385685
-4.053023
8.407193
10.447457
5.556550
10.176479
21.268810
24.401497
18.239195
19.550521
23.496303
21.304745
22.807831
29.375181
34.087495
46.749026
49.590065
50.812356
52.987202
49.666199
48.748210
46.023026
43.117955
46.839616
51.550231
49.595962
46.364129
46.055875
40.170884
44.563231
51.952999
52.188250
53.226678
51.968078
54.932925
56.265686
53.589490
57.027973
55.835977
53.236648
56.332955
50.181997
53.156709
48.996140
45.763179
43.541206
40.660226
40.869680
37.079030
34.081901
32.390826
23.290490
23.520840
21.438719
21.522029
17.057233
14.867397
8.790118
12.585326
-0.540348
12.575986
13.887110
16.450657
2.253864
0.038775
7.554130
5.251671
10.856832
0.570108
0.050319
-7.820751
-7.968053
-12.538444
-7.532735
-4.655400
-2.326951
-23.059801
-13.799616
-20.348806
-12.246256
-25.871449
-25.175088
-22.565821
-30.919518
-31.881032
-22.883514
-38.079378
-33.399799
-35.347894
-26.635860
-22.225411
-36.083882
-30.442709
-25.661568
-21.461810
-15.367223
-13.254148
-11.543735
-12.130955
-15.831336
-14.711737
-22.922487
-24.698139
-33.577475
-34.903914
-36.955516
-39.225794
-40.039277
-31.838655
-22.795364
-20.752904
-14.193955
-1.597418
-0.958275
19.035918
2.668571
11.126552
11.199370
5.134014
12.918611
9.297057
17.936738
16.690662
14.603627
10.728932
12.228104
6.843630
-0.056483
14.591579
16.366760
22.712242
21.215190
34.573537
36.835762
32.515803
34.973551
42.510134
48.611755
45.386019
48.000667
49.507142
53.472125
50.937307
52.467312
50.924068
51.369160
54.118428
49.432126
45.164351
38.356557
35.537371
19.256257
11.045341
11.182820
12.037133
7.707076
15.834033
8.227225
7.593271
15.846934
11.857593
19.909155
22.345787
15.201601
19.438074
21.617133
19.881607
21.827586
16.726080
15.663832
14.757971
9.720663
2.447539
-5.894132
-7.066059
-16.709393
-17.360827
-15.649344
-14.087167
-11.223666
-2.714403
-2.321835
-5.189074
0.440561
-1.002691
2.968265
7.862371
13.216131
16.879813
19.287965
20.657349
31.292581
35.322763
45.324119
41.182102
45.684137
43.708931
43.519597
51.634638
47.857537
39.141780
38.638674
40.457686
23.856707
21.994048
21.280702
17.724922
14.167817
11.834446
16.333156
18.450376
7.787037
2.026563
-3.064655
-6.476004
-9.382682
-13.691087
-24.712192
-29.224323
-41.788744
-45.840714
-46.682368
-47.904018
-51.678557
-51.496449
-49.886999
-50.259633
-45.993964
-48.913863
-47.640902
-48.145544
-46.642739
-45.184645
-41.157558
-39.129443
-28.622461
-40.473706
-42.647940
-41.429471
-40.026922
-44.320425
-45.035884
-51.123312
-48.762337
-54.298261
-53.436680
-51.929130
-47.949247
-52.465833
-51.781750
-41.579291
-40.962222
-44.929837
-36.628417
-27.727392
-32.625068
-20.018988
-12.840673
-5.262386
-2.064330
8.966398
19.059639
14.603002
18.892240
18.683006
20.257145
14.948520
19.912841
21.954207
25.607730
32.181268
38.129226
41.167531
51.185257
45.274437
51.050162
49.983891
45.936199
38.782274
24.576035
42.031728
35.961355
36.806325
33.443398
16.840950
14.464400
-1.828853
-2.537750
-6.370341
-16.669813
-19.474748
-24.989085
-30.589769
-27.901259
-20.924436
-11.498430
-16.269308
-19.752234
-21.225042
-27.957730
-20.119500
-14.063099
-9.343195
-3.172600
11.664344
13.596685
5.987238
10.293966
3.763268
12.493455
0.689288
-1.648732
-4.571822
-7.804182
-12.030401
-0.584819
0.625440
10.182622
5.671056
8.814603
12.916455
16.791875
3.327436
-2.354014
-3.012007
-0.630685
-5.982122
-2.770907
-3.765412
-11.482996
-5.680078
-1.041358
5.984125
8.428597
14.585983
21.506556
19.965508
26.088116
17.968377
24.940637
29.018654
23.073230
30.817413
35.495353
42.431642
36.074560
32.728367
18.892326
12.220303
11.230503
3.031421
0.406424
-14.157929
-10.924607
-18.377639
-30.897257
-32.451024
-20.520149
-4.546263
-3.714233
12.000587
18.671020
34.092134
41.101843
43.095833
49.409886
52.187586
63.098486
59.422447
51.149216
47.211303
41.657578
29.084304
21.736405
20.914418
17.506144
4.674514
3.813105
0.935591
-3.876681
-15.238820
-22.002200
-25.394365
-38.124553
-38.823151
-41.401111
-42.574165
-40.104422
-43.550656
-40.341936
-36.705046
-34.520201
-26.984428
-15.201280
-10.165912
4.086507
5.552411
21.302348
29.000116
29.600655
26.030492
33.318788
33.544685
38.782250
25.151053
27.968644
20.767533
20.943460
24.071887
29.349210
14.931624
6.452208
6.181208
-9.520308
-11.288919
-14.831634
-13.684735
-10.509287
-9.870995
-8.064634
-10.327884
-10.541395
-16.106095
-26.632669
-28.101083
-34.642690
-40.550260
-45.574957
-55.331462
-53.409776
-48.561750
-50.576070
-57.545262
-61.990727
-55.207617
-47.062336
-43.956657
-28.812592
-30.731302
-27.864411
-23.785418
-23.885597
-23.529407
-37.194298
-46.409482
-49.295790
-53.473877
-54.724406
-46.128790
-49.347503
-41.927420
-48.169320
-45.077166
-25.422499
-20.946868
-5.434717
-13.676087
-16.502724
-7.652992
-11.170010
-3.472231
-5.330626
9.274096
11.392661
2.983456
6.252824
5.660592
-6.868873
7.601781
2.454443
10.566950
6.915098
3.171288
15.618232
17.876980
16.636079
16.008789
30.984688
23.613905
21.786551
15.045894
26.401887
26.099614
23.638883
30.244258
19.620361
15.961685
12.935128
14.158686
13.275239
15.437802
15.378789
23.234145
11.373508
5.269297
-1.980297
-3.572534
-6.280411
-14.735335
-35.694658
-37.337380
-33.465329
-28.755310
-24.379416
-18.883968
-13.481101
-16.113296
-15.264857
-1.821923
-0.560105
6.061659
8.325502
11.977409
15.691889
14.080455
12.241245
11.904292
18.926996
18.573675
15.548415
15.994339
11.372525
6.902757
1.854510
-3.005024
-9.137010
-7.668634
-0.758309
3.621555
13.450924
19.459474
18.676862
28.138215
36.539155
35.835441
36.789832
31.892135
34.578353
37.106246
34.791419
32.359909
28.543755
26.503771
21.529850
16.619068
10.691185
10.304803
12.069446
14.359127
7.691330
4.095777
-2.503155
-4.701766
-6.280189
-1.366345
3.903455
9.789779
10.712072
19.935101
17.587885
13.078275
18.582902
15.071053
26.549029
24.305269
21.157517
14.340132
5.255375
6.864579
7.431025
10.866107
17.154879
24.747299
34.156637
32.850157
27.127806
20.994070
6.817111
-0.515430
-1.374894
-9.241137
-16.813784
-20.777414
-15.441188
-6.630468
-4.085458
-3.011518
-3.926568
-5.482239
-6.703092
-10.744001
-12.283043
-20.514875
-28.114389
-29.094028
-37.999703
-42.174486
-46.425662
-39.826860
-38.221687
-34.715451
-30.353477
-25.271125
-18.144675
-20.516133
-14.198186
-12.185421
-10.972944
-9.450620
-10.388816
-9.722677
-6.698234
-8.145608
-8.696136
-12.061635
-6.174960
-5.603437
3.316485
18.928483
19.386898
28.454169
34.845596
42.373933
31.832591
27.081476
20.090326
19.443679
10.730990
4.829075
-1.686256
0.264711
-0.109076
12.235311
21.824165
29.002236
28.659272
29.917155
22.862942
22.227567
24.553345
14.707444
17.772437
15.835696
25.216518
32.398134
40.911680
29.121857
32.110851
29.314088
30.673822
35.908481
42.254143
41.281408
43.144752
42.413820
41.676671
35.561937
39.447156
34.638494
35.723558
32.285168
24.882991
27.504586
43.396540
35.795565
38.323383
34.322898
27.488415
32.277054
20.703700
20.347935
31.338492
40.540705
53.317096
53.803233
54.491986
56.833857
54.508953
48.778757
47.493362
41.806330
40.797653
36.428679
25.647832
27.022576
26.854509
30.311940
32.580478
32.986211
25.017125
17.664825
22.958894
16.951304
15.297759
8.441535
5.371998
-3.115442
6.653624
6.087839
9.209380
17.356550
19.516368
29.659996
32.470694
33.821026
36.343096
35.336897
34.447649
35.192432
35.102097
30.759876
34.644056
40.178254
37.731210
39.235520
44.379564
45.019489
46.465860
44.829541
45.355502
45.559424
47.947275
50.922379
47.990071
51.531460
52.724598
46.861231
46.316493
45.744490
43.003306
35.047198
14.953859
14.146828
5.270512
2.077279
-6.290212
-7.196252
-7.849401
-16.684269
-17.172831
-15.733733
-18.449882
-25.108346
-26.549607
-25.051389
-20.589029
-23.557944
-23.525879
-19.132934
-13.490995
-16.257281
-17.994327
-24.195374
-25.175933
-29.217380
-30.648610
-35.527753
-40.179258
-41.818723
-47.919930
-46.213668
-47.533362
-46.700476
-48.555999
-46.752490
-48.586021
-44.872497
-47.587430
-44.930010
-38.496514
-41.868326
-38.568007
-33.988923
-31.024353
-37.439869
-45.253589
-42.085936
-45.940189
-35.686890
-51.795025
-42.059258
-38.204073
-28.139128
-21.037083
-23.057689
-18.001397
-13.433295
-9.958540
4.849361
-0.442202
14.094755
18.521731
17.078679
7.075128
11.792365
4.868099
-2.451968
-9.644405
-8.977890
-6.193248
-41.338670
-35.824042
-40.045141
-39.866565
-48.954732
-49.372654
-49.581289
-49.870282
-44.367072
-56.455321
-45.600795
-42.186152
-36.365539
-24.175940
-19.337846
-8.052038
-12.565174
-4.408754
3.508313
6.952418
17.698565
17.397654
29.619277
33.488087
44.429743
38.174290
42.533273
40.547332
27.554474
23.547477
17.050136
7.882296
8.941188
1.198446
-2.260771
-3.175168
-1.000751
1.453529
0.105630
1.815450
5.689648
10.108959
11.348787
3.140748
8.164742
19.296954
13.476470
21.907765
5.016488
15.721169
17.228016
22.426774
21.357410
10.443027
6.537385
-1.405735
1.534808
2.045259
1.102816
-2.429433
-11.772971
-6.414644
-7.212547
-14.945535
-14.056445
-14.305437
-8.971007
-6.119951
-6.088380
-11.368196
-12.685031
-5.434509
-2.121199
-7.765128
-10.197253
-5.695167
6.059146
0.294693
-7.996636
-9.081924
-10.380566
-4.718266
-3.750178
7.964857
13.775127
20.769150
15.286812
16.418553
17.001257
11.816750
14.144408
7.217614
-0.305542
-0.123564
-2.500709
-3.311676
-3.920106
-2.170946
-0.818194
-0.847490
1.927784
0.240368
-0.390398
2.708670
-3.197018
-0.565810
-2.835650
-5.939453
-6.884818
-5.565373
-4.891543
-7.707121
-10.441047
-10.214101
-13.095657
-14.206399
-19.187771
-14.914412
-14.199748
-13.822791
-3.198417
-0.933650
9.353648
8.664922
11.241498
11.676261
13.037923
1.664620
-2.536206
-8.915831
-14.875243
-13.573198
-14.373539
-16.914572
-20.577882
-22.219891
-20.479892
-22.571492
-29.225752
-32.432135
-42.413133
-45.615755
-49.961439
-51.169981
-48.152776
-48.625879
-46.218141
-46.751361
-39.905598
-38.737984
-40.997445
-38.147044
-43.430120
-43.038938
-45.822938
-47.248371
-49.923929
-47.700725
-49.852382
-48.790776
-48.936661
-47.121098
-43.234785
-45.291276
-34.300581
-16.042851
-2.328213
7.531966
22.099257
17.512372
30.699002
31.148167
38.752453
38.708860
32.341785
26.545528
11.166895
-2.003432
-11.283070
-16.810845
-19.823808
-28.645821
-30.683864
-27.890067
-29.569892
-31.204824
-35.055128
-33.024357
-40.487726
-33.155112
-32.003978
-28.979885
-32.166459
-29.409704
-31.858553
-27.041462
-25.365987
-22.785184
-22.089806
-23.259073
-30.127460
