-19.436943
-23.328214
-28.097783
-33.848724
-34.708080
-35.765663
-46.533198
-35.960643
-31.581833
-15.152609
-7.873011
4.006388
7.723440
10.041130
21.221665
23.365155
27.077567
23.455281
33.276985
30.622081
30.007277
34.205276
36.022139
33.769777
35.306119
38.517270
38.801515
40.704163
47.361052
47.847422
37.709493
36.325360
21.802980
4.225103
3.199037
-1.856028
0.181522
2.262703
6.938749
9.458653
20.244162
18.568814
20.323243
5.685864
-1.616630
-6.651767
-16.128961
-24.985379
-24.507282
-22.401276
-15.648386
-14.298622
-12.892376
-13.337818
-5.375968
0.279406
-0.565314
-6.489999
22.870106
21.191294
29.413330
43.748308
47.190050
48.207294
45.408819
45.624318
47.722212
50.380995
48.403893
47.298598
49.073951
47.661206
47.202917
46.680434
48.568697
45.143797
46.952298
48.182083
49.398654
51.225703
53.871476
52.693936
54.008130
55.705590
59.356132
61.004069
61.263904
60.337971
60.229844
54.512772
47.742496
48.382304
43.932106
33.060569
41.978183
37.908414
32.848653
34.841817
37.468790
29.810709
20.514038
25.547566
18.079966
23.463855
22.425175
14.543832
10.947515
16.420012
9.989863
13.745189
9.353797
19.472362
13.632012
20.676544
17.454864
16.276098
7.406633
14.660170
9.189430
3.581465
9.968199
-1.374430
0.693479
1.644504
-10.840045
-2.502265
-10.894876
-21.315147
-19.921115
-27.558229
-31.202061
-28.838695
-28.941931
-30.645570
-47.191300
-49.664880
-41.940144
-41.989463
-48.516699
-50.241539
-53.411829
-53.206933
-51.817662
-54.767191
-58.025871
-49.532278
-50.855402
-46.891561
-42.707050
-42.634320
-29.834265
-28.180901
-36.451664
-34.271383
-28.107846
-23.189469
-22.017173
-20.586857
-18.110590
-19.252067
-20.501651
-23.532598
-24.558345
-33.255306
-36.557543
-40.377551
-41.413453
-36.409612
-31.692374
-28.189126
-28.770914
-17.702865
-26.957003
-18.107403
-22.411433
-18.715150
-20.191089
-24.525138
-19.774308
-21.555834
-19.620191
-11.500077
-18.129566
-9.442838
-6.153689
-17.376639
-21.712642
-23.427819
-32.039886
-35.010112
-39.003449
-49.169857
-49.020420
-49.311172
-48.791802
-44.936728
-44.459466
-41.461504
-40.580511
-44.998366
-36.666346
-21.730376
-7.385869
0.837978
6.450461
13.656480
27.775101
40.830371
51.504829
51.989187
57.235826
55.359748
54.148079
50.292374
42.966429
37.664973
29.201826
23.595930
11.189294
1.034933
-2.326736
-9.190482
-17.283525
-19.243176
-26.797740
-32.683185
-34.566573
-33.017804
-30.884517
-36.791981
-39.291152
-43.761622
-43.041077
-45.664322
-50.147641
-48.542959
-38.643134
-32.582009
-32.978916
-37.746764
-38.517463
-47.272731
-47.101260
-49.752945
-54.454531
-54.078291
-51.582184
-57.005032
-57.532821
-55.580868
-50.617487
-43.205933
-41.808398
-48.328217
-42.561921
-39.544962
-38.825088
-35.865534
-31.919669
-26.036586
-20.881445
-15.502116
-16.586001
-13.715762
-0.451678
9.200586
6.066690
16.334730
20.027815
27.628489
28.452099
33.281705
41.718293
39.818392
44.297625
53.441524
59.076332
64.324380
53.975056
65.077091
60.827740
56.712205
59.100602
51.131427
46.344238
51.341690
45.461400
42.947603
40.960882
37.364420
32.009801
23.102067
24.371807
19.895490
14.193345
13.206149
8.254793
9.607095
8.436045
12.847694
3.842667
5.560935
2.734765
2.655791
-2.192641
-1.757962
-3.173499
9.236889
8.206345
9.520019
6.959870
10.702841
9.406912
11.967498
22.408388
18.806315
17.429498
11.888897
1.243317
1.918952
-4.385861
-9.072079
-10.399616
-4.038327
-13.037980
-21.360510
-18.157106
-16.193619
-13.864117
-20.250756
-12.465861
-11.131831
-26.136781
-23.121988
-18.951307
-32.322360
-24.896016
-21.158064
-25.021967
-17.793653
-20.286030
-16.823092
-13.296086
-13.976432
-16.328461
-21.493482
-22.299906
-16.600059
-27.877996
-28.787701
-35.312564
-27.038432
-27.649398
-20.750516
-21.654997
-25.446236
-31.866092
-33.240700
-34.684474
-36.550461
-29.212027
-32.834377
-28.176340
-27.170617
-37.168240
-25.789529
-35.919007
-37.217474
-27.804476
-31.293796
-32.004182
-29.109520
-41.967055
-45.043204
-41.288030
-48.829069
-45.398648
-42.904844
-43.928219
-39.900620
-41.838880
-49.881346
-40.105695
-29.531581
-15.206554
-15.201943
-21.906728
-16.305907
-0.617657
0.680323
11.845874
16.847726
18.980917
37.227477
36.004874
33.018259
50.104838
49.982292
39.305974
50.232762
51.365598
53.815596
50.333773
48.623389
43.815601
33.188373
29.848604
19.903978
17.110558
17.219912
11.035945
18.576863
17.734458
20.887596
33.113364
36.993972
33.520087
41.333972
45.684612
49.492113
46.324929
47.972013
44.110842
44.600797
30.195812
26.862912
15.145732
13.204461
-2.353893
-11.505597
-20.646129
-21.069813
-30.566442
-30.636581
-29.757078
-29.824243
-22.688731
-18.150649
-18.381183
-16.081017
-15.049832
-18.019734
-11.432485
-13.445345
-11.673682
-16.405752
-14.363246
-21.598180
-27.870924
-24.451776
-22.798236
-18.112968
-6.842481
-8.950588
-5.132479
-0.130436
-4.659744
4.848175
-1.348547
2.077690
11.536703
10.893407
12.651488
10.285568
16.308885
17.174394
9.385778
16.069165
21.292793
15.516705
21.258449
26.100820
29.197470
44.764367
43.193376
38.313165
37.806019
35.939952
25.190593
18.030777
21.247642
14.765278
14.142530
18.628086
17.948606
6.477094
12.002882
9.533117
11.687587
8.113767
0.929048
11.586668
-10.015798
-15.347437
-9.775799
-17.868602
-34.738357
-29.980376
-25.524918
-31.663166
