-0.366771
3.941709
1.249068
-4.627856
-1.340824
-6.501714
-18.109621
-22.719135
-10.977063
-14.019325
-18.628836
-17.209588
-29.871329
-32.498532
-33.034610
-30.349249
-27.188453
-33.371641
-37.814548
-34.609208
-40.233056
-34.474951
-39.502189
-40.007510
-45.887162
-47.080110
-46.829946
-51.375780
-51.410356
-52.359394
-51.048472
-46.231499
-43.055511
-42.382455
-40.947093
-38.786151
-38.784900
-42.450499
-41.031557
-42.889355
-43.624496
-36.025222
-41.927947
-34.705084
-40.483728
-37.285208
-26.845746
-13.472084
-13.985422
-12.529648
-20.988431
-21.579678
-32.062424
-23.724507
-13.122012
-21.280352
-20.011214
-18.599919
-22.483440
-24.682407
-19.004028
-25.072838
-30.812195
-33.024506
-33.600440
-37.398901
-39.100944
-37.374450
-36.615482
-40.566675
-39.231744
-38.191725
-27.418324
-20.893194
-21.906226
-7.036499
-0.577668
-0.270098
11.382590
22.134257
23.395433
22.273188
21.625704
11.283901
12.372101
18.042062
24.369824
19.158329
13.265220
10.349462
3.573982
4.221504
4.301466
7.408607
0.235463
-1.208884
-3.562080
-12.249407
-17.938266
-13.289681
-15.272738
-9.242556
-6.937061
-5.918938
-1.798881
0.890395
5.469334
11.453476
7.109734
-2.868258
-3.414802
-0.350619
3.254508
1.016300
2.292040
-4.932818
-4.720222
-2.805335
-2.626095
-1.773314
-1.052517
0.165026
5.782300
8.196017
8.675499
11.163301
9.709976
15.023500
23.013799
30.689395
32.722624
32.114332
27.581189
19.984257
24.666854
17.274786
17.894587
19.209834
20.133900
18.973854
14.293566
21.538994
23.843111
19.335949
30.369640
30.376534
32.888276
32.742521
40.044495
43.584862
44.913662
55.792847
51.720483
46.893614
53.040169
53.800340
53.230608
51.781702
55.206019
53.350055
45.333448
36.721865
29.913600
20.554645
10.756906
0.606325
-11.463727
-24.609972
-27.632929
-28.064116
-32.132730
-25.711739
-17.358346
-15.609871
-13.772392
-16.670081
-16.315378
-16.007687
-22.688555
-19.489163
-19.076450
-21.025416
-25.341494
-32.141112
-31.956959
-31.481058
-37.540644
-31.839579
-31.928752
-26.126411
-22.190755
-19.383948
-14.505326
-6.433778
1.060603
0.890261
-0.279918
-4.864496
-5.289202
-3.079067
-6.082758
-6.840134
-5.918218
-1.912084
0.917330
2.614950
0.779839
7.429649
18.980907
14.408170
10.465494
5.140620
3.138466
4.819669
6.643350
6.110088
9.883819
17.832386
20.401854
14.625322
23.249027
17.759128
25.720595
30.378625
30.125125
37.904622
37.801230
41.257115
47.437269
43.334943
40.787012
36.716676
31.798917
19.175363
8.967585
15.273628
6.140097
3.650753
1.395811
3.201001
7.641589
-7.162085
-1.798045
-3.675528
-11.591333
-12.468620
-7.247725
-13.648578
-8.392477
1.569162
-4.445495
-0.803024
1.567531
-7.604020
-6.668855
-9.639893
-13.930784
-17.289783
-13.402966
-22.214302
-13.834478
-20.822336
-27.036717
-24.204803
-32.411108
-28.937620
-29.368442
-28.685350
-28.197895
-26.426838
-21.377346
-24.787278
-18.316556
-16.880219
-10.602162
-1.360572
-0.002697
-2.309138
2.590000
3.590983
13.022137
16.844527
23.349709
28.425704
32.369394
34.220232
44.376516
49.110737
54.627746
55.075025
53.987891
53.231337
53.344954
53.299945
51.691868
51.483153
48.435999
49.638120
48.833204
48.084870
43.025361
29.594069
30.302795
14.203604
7.605451
7.065125
9.075868
13.771836
11.820331
10.282949
10.383171
17.525539
17.760287
17.563452
34.093637
30.651029
37.907620
42.266429
48.602165
47.742011
39.598566
38.674531
36.668372
21.527308
12.011036
16.720127
3.776429
7.065394
5.953547
9.692646
18.172228
14.433154
18.109501
20.728116
30.126034
27.734933
16.029366
24.247309
22.420796
20.348741
21.602196
19.156185
21.963139
15.815557
31.382101
30.578475
32.399937
29.916774
46.057896
37.725966
38.931968
40.754965
41.306926
38.956653
42.425450
31.380436
13.110811
13.533647
9.333448
4.338960
-3.275658
-8.886103
-9.932043
-12.861591
-10.826224
-9.754019
-10.539296
-11.171392
-7.376160
-4.538367
-5.265328
-11.997006
-31.101350
-32.770583
-33.062505
-29.375484
-37.503997
-36.816093
-38.477783
-45.470408
-44.214715
-46.193305
-47.959089
-43.289206
-46.821191
-43.515669
-38.412088
-33.145348
-31.132207
-16.836824
-19.605184
-21.512938
0.255101
11.755791
17.890269
36.143589
39.344417
43.104816
44.672535
48.905958
53.864829
61.123955
63.376954
62.337688
63.249952
61.992944
49.771229
57.210196
54.458989
49.275660
52.469067
46.879976
55.512259
38.871079
37.467511
38.710308
30.221134
27.940053
13.179910
19.474209
10.113614
1.656913
-4.290265
-9.420954
-17.949378
-24.124392
-23.810695
-31.846189
-32.510395
-29.650270
-28.207807
-41.186284
-42.796654
-38.997185
-31.031783
-44.190132
-37.770831
-38.585339
-33.673750
-37.058213
-29.002849
-43.275141
-31.826292
-31.025173
-26.812450
-15.357352
-5.504742
-3.008985
2.374936
0.213951
-4.444539
-0.992208
-10.145088
-14.432685
-16.069738
-18.777007
-18.000896
-32.798991
-32.367849
-28.881553
-19.376534
-13.153452
-4.702611
10.291347
13.902906
26.114433
36.685965
46.957166
52.533692
59.170625
52.500714
59.961907
62.344640
59.246366
46.660894
49.568188
45.231448
39.713749
21.090229
26.837204
14.059926
22.724111
3.545969
-4.537119
-8.806024
-3.206816
-0.704158
-7.817811
-9.701799
-17.985566
-18.459057
-11.016581
-9.477948
-9.018170
-8.489561
-3.112542
0.513864
-6.659591
-17.614620
-18.044455
-19.436943
-23.328214
-28.097783
-33.848724
-34.708080
-35.765663
-46.533198
-35.960643
-31.581833
-15.152609
-7.873011
4.006388
7.723440
10.041130
21.221665
23.365155
27.077567
23.455281
33.276985
30.622081
30.007277
34.205276
36.022139
33.769777
35.306119
38.517270
38.801515
40.704163
47.361052
47.847422
37.709493
36.325360
21.802980
4.225103
3.199037
-1.856028
0.181522
2.262703
6.938749
9.458653
20.244162
18.568814
20.323243
5.685864
-1.616630
-6.651767
-16.128961
-24.985379
-24.507282
-22.401276
-15.648386
-14.298622
-12.892376
-13.337818
-5.375968
0.279406
-0.565314
-6.489999
22.870106
21.191294
29.413330
43.748308
47.190050
48.207294
45.408819
45.624318
47.722212
50.380995
48.403893
47.298598
49.073951
47.661206
47.202917
46.680434
48.568697
45.143797
46.952298
48.182083
49.398654
51.225703
53.871476
52.693936
54.008130
55.705590
59.356132
61.004069
61.263904
60.337971
60.229844
54.512772
47.742496
48.382304
43.932106
33.060569
41.978183
37.908414
32.848653
34.841817
37.468790
29.810709
20.514038
25.547566
18.079966
23.463855
22.425175
14.543832
10.947515
16.420012
9.989863
13.745189
9.353797
19.472362
13.632012
20.676544
17.454864
16.276098
7.406633
14.660170
9.189430
3.581465
9.968199
-1.374430
0.693479
1.644504
-10.840045
-2.502265
-10.894876
-21.315147
-19.921115
-27.558229
-31.202061
-28.838695
-28.941931
-30.645570
-47.191300
-49.664880
-41.940144
-41.989463
-48.516699
-50.241539
-53.411829
-53.206933
-51.817662
-54.767191
-58.025871
-49.532278
-50.855402
-46.891561
-42.707050
-42.634320
-29.834265
-28.180901
-36.451664
-34.271383
-28.107846
-23.189469
-22.017173
-20.586857
-18.110590
-19.252067
-20.501651
-23.532598
-24.558345
-33.255306
-36.557543
-40.377551
-41.413453
-36.409612
-31.692374
-28.189126
-28.770914
-17.702865
-26.957003
-18.107403
-22.411433
-18.715150
-20.191089
-24.525138
-19.774308
-21.555834
-19.620191
-11.500077
-18.129566
-9.442838
-6.153689
-17.376639
-21.712642
-23.427819
-32.039886
-35.010112
-39.003449
-49.169857
-49.020420
-49.311172
-48.791802
-44.936728
-44.459466
-41.461504
-40.580511
-44.998366
-36.666346
-21.730376
-7.385869
0.837978
6.450461
13.656480
27.775101
40.830371
51.504829
51.989187
57.235826
55.359748
54.148079
50.292374
42.966429
37.664973
29.201826
23.595930
11.189294
1.034933
-2.326736
-9.190482
-17.283525
-19.243176
-26.797740
-32.683185
-34.566573
-33.017804
-30.884517
-36.791981
-39.291152
-43.761622
-43.041077
-45.664322
-50.147641
-48.542959
-38.643134
-32.582009
-32.978916
-37.746764
-38.517463
-47.272731
-47.101260
-49.752945
-54.454531
-54.078291
-51.582184
-57.005032
-57.532821
-55.580868
-50.617487
-43.205933
-41.808398
-48.328217
-42.561921
-39.544962
-38.825088
-35.865534
-31.919669
-26.036586
-20.881445
-15.502116
-16.586001
-13.715762
-0.451678
9.200586
6.066690
16.334730
20.027815
27.628489
28.452099
33.281705
41.718293
39.818392
44.297625
53.441524
59.076332
64.324380
53.975056
65.077091
60.827740
56.712205
59.100602
51.131427
46.344238
51.341690
45.461400
42.947603
40.960882
37.364420
32.009801
23.102067
24.371807
19.895490
14.193345
13.206149
8.254793
9.607095
8.436045
12.847694
3.842667
5.560935
2.734765
2.655791
-2.192641
-1.757962
-3.173499
9.236889
8.206345
9.520019
6.959870
10.702841
9.406912
11.967498
22.408388
18.806315
17.429498
11.888897
1.243317
1.918952
-4.385861
-9.072079
-10.399616
-4.038327
-13.037980
-21.360510
-18.157106
-16.193619
-13.864117
-20.250756
-12.465861
-11.131831
-26.136781
-23.121988
-18.951307
-32.322360
-24.896016
-21.158064
-25.021967
-17.793653
-20.286030
-16.823092
-13.296086
-13.976432
-16.328461
-21.493482
-22.299906
-16.600059
-27.877996
-28.787701
-35.312564
-27.038432
-27.649398
-20.750516
-21.654997
-25.446236
-31.866092
-33.240700
-34.684474
-36.550461
-29.212027
-32.834377
-28.176340
-27.170617
-37.168240
-25.789529
-35.919007
-37.217474
-27.804476
-31.293796
-32.004182
-29.109520
-41.967055
-45.043204
-41.288030
-48.829069
-45.398648
-42.904844
-43.928219
-39.900620
-41.838880
-49.881346
-40.105695
-29.531581
-15.206554
-15.201943
-21.906728
-16.305907
-0.617657
0.680323
11.845874
16.847726
18.980917
37.227477
36.004874
33.018259
50.104838
49.982292
39.305974
50.232762
51.365598
53.815596
50.333773
48.623389
43.815601
33.188373
29.848604
19.903978
17.110558
17.219912
11.035945
18.576863
17.734458
20.887596
33.113364
36.993972
33.520087
41.333972
45.684612
49.492113
46.324929
47.972013
44.110842
44.600797
30.195812
26.862912
15.145732
13.204461
-2.353893
-11.505597
-20.646129
-21.069813
-30.566442
-30.636581
-29.757078
-29.824243
-22.688731
-18.150649
-18.381183
-16.081017
-15.049832
-18.019734
-11.432485
-13.445345
-11.673682
-16.405752
-14.363246
-21.598180
-27.870924
-24.451776
-22.798236
-18.112968
-6.842481
-8.950588
-5.132479
-0.130436
-4.659744
4.848175
-1.348547
2.077690
11.536703
10.893407
12.651488
10.285568
16.308885
17.174394
9.385778
16.069165
21.292793
15.516705
21.258449
26.100820
29.197470
44.764367
43.193376
38.313165
37.806019
35.939952
25.190593
18.030777
21.247642
14.765278
14.142530
18.628086
17.948606
6.477094
12.002882
9.533117
11.687587
8.113767
0.929048
11.586668
-10.015798
-15.347437
-9.775799
-17.868602
-34.738357
-29.980376
-25.524918
-31.663166
-33.005279
-19.144973
-24.351983
-18.241020
-19.964661
-21.012758
-18.000842
-10.068194
-17.684772
-15.082038
-18.576364
-20.230435
-9.590654
-10.611044
0.666230
6.343159
17.060852
15.871031
16.962469
24.844723
25.182934
30.575018
26.765463
28.850123
30.498336
16.872972
4.862755
-8.839993
-20.635712
-21.657441
-30.396157
-36.278543
-39.557239
-44.508780
-45.699819
-49.089101
-47.875129
-49.144115
-44.850575
-46.820890
-46.101518
-44.135229
-46.956880
-46.555887
-48.504750
-45.378068
-47.396462
-47.564707
-45.493296
-45.567167
-45.572963
-43.659366
-45.540808
-45.847164
-49.900395
-48.349047
-49.445748
-50.075189
-47.752948
-36.756410
-24.871790
-12.614250
-5.272687
0.119377
3.165063
8.805875
14.702324
18.853619
16.692209
16.329714
16.892874
13.412186
5.529835
5.474692
6.692000
6.250943
7.417684
11.435726
8.582344
17.662868
11.201872
16.557587
15.405535
14.227120
12.719701
9.812425
11.960349
11.694103
16.825219
13.984547
18.689850
15.574763
18.061627
16.278043
13.329502
8.914385
1.360857
0.630954
-2.011394
-3.697502
-6.854353
-10.916382
-5.289537
-3.487927
-3.597875
-4.127867
-11.562458
-9.976294
-13.970724
-18.533349
-22.904562
-23.609347
-32.878992
-34.426696
-33.945842
-37.846862
-30.974629
-31.966751
-29.215965
-27.224602
-29.139865
-27.302751
-30.968554
-28.747538
-26.617949
-23.411851
-24.545384
-20.295146
-15.919979
-13.423164
-6.995470
-11.623117
-12.944357
-5.978773
0.880969
3.935750
5.159313
9.544087
23.258485
21.386604
20.696211
7.549367
17.188442
14.368917
17.301300
19.924366
16.549408
20.693377
22.133204
33.718820
37.372079
38.319764
44.659188
47.388362
43.577548
42.051869
44.113738
46.921160
41.342058
39.859541
38.289996
16.337549
18.151439
24.393567
34.495606
36.362409
40.435639
38.267379
38.569446
42.696240
37.738520
49.999307
41.627562
39.106482
35.107046
34.673108
29.068010
24.415107
18.933700
22.595665
16.849326
10.640412
2.929115
-3.456488
0.652052
9.258035
19.166182
35.387075
43.083357
49.567988
52.987749
49.803359
46.577953
44.884706
43.702453
44.159491
41.967565
44.201154
33.758658
49.929223
48.110609
55.408845
54.805297
54.490737
54.756511
57.274495
58.705049
59.810860
51.141934
54.958075
54.556857
48.411817
49.484251
50.968703
50.790515
48.684299
42.489389
41.614293
31.258455
26.184902
13.392097
9.039354
1.219034
-11.623272
-15.555516
-21.644320
-25.379751
-21.778918
-22.335632
-21.363298
-17.904488
-22.893981
-25.542209
-19.941772
-13.721974
-8.133098
-1.994695
5.153752
6.034543
8.062860
11.461100
11.968628
14.550909
21.531188
20.600805
19.528243
15.972660
14.409460
16.505812
13.890981
12.435481
4.181832
8.589691
1.160301
9.399678
13.891663
16.305152
30.955485
28.081697
14.872923
25.997652
27.016293
20.017941
26.099493
15.626857
25.162523
25.588342
30.783615
24.461254
23.281655
23.902819
24.442226
30.148495
18.350096
19.613634
24.533571
20.832164
20.751426
26.851457
24.055528
28.664967
27.622769
32.151079
33.363354
42.828900
37.450867
34.813541
24.697146
20.172483
7.774430
1.037751
-8.524544
-11.269966
0.592463
2.051483
10.262816
26.285319
29.259964
29.589253
20.490615
11.050582
18.884052
11.135155
12.782879
10.889704
16.251678
19.131455
17.070030
11.282159
13.943291
13.878329
14.730198
14.309302
12.063407
13.366843
11.616156
6.563617
12.908334
9.784098
14.922687
1.247805
0.402751
-2.143486
0.057460
3.598799
-7.576967
-8.263138
-23.813819
-7.924853
3.254809
13.447141
12.455409
20.759896
22.361696
24.350062
27.426071
38.098976
43.916816
47.434315
42.234571
36.053390
21.206437
20.560248
15.004859
14.850060
7.986074
7.113866
12.436035
13.604943
3.675985
18.439247
20.114239
16.153224
12.499904
18.661545
20.325170
11.612072
9.272968
11.242637
6.905861
-0.760549
-4.601380
-10.560571
-12.952956
-9.789128
-7.659913
-12.118496
-11.986507
-14.555668
-16.452754
-15.861255
-17.719187
-20.727170
-19.713273
-34.045731
-26.392637
-34.106047
-30.370695
-29.116097
-34.820319
-36.878367
-27.016142
-22.166730
-18.151564
-21.935678
-29.959200
-39.621313
-38.879092
-41.060510
-40.374260
-41.381494
-40.696688
-37.859859
-37.731409
-34.640387
-31.514044
-22.525620
-17.542557
-23.059079
-21.836146
-14.711582
-7.723909
-8.042907
-8.950333
-11.084871
-6.020632
-1.866300
-7.515214
-6.816735
-15.201419
-21.333873
-24.486622
-26.950955
-16.226420
-8.471921
1.733053
15.877088
34.089226
42.725084
46.909517
48.475445
52.629294
51.862165
52.701556
50.337555
47.441948
46.375021
46.285592
50.167491
46.285810
43.919596
41.299205
35.047289
38.912251
27.472431
30.613707
30.994885
25.563867
24.727916
26.836086
23.693623
24.690196
22.696435
18.895210
18.234448
10.791840
3.073704
3.795887
-5.337034
-2.217186
-6.849734
-4.206221
2.313961
3.008642
3.928590
13.635028
10.653516
4.267250
5.137286
11.752239
13.968171
17.850816
35.615468
41.524774
44.744362
50.528965
50.729543
49.544782
54.533718
51.790310
54.957714
54.080151
53.011070
46.844833
44.759915
41.162470
43.889497
39.699048
32.027599
28.927440
23.409312
13.206679
12.716665
14.202901
6.038356
3.273010
0.887532
-8.131128
-9.713919
-13.205583
-6.569692
-11.596023
-7.631770
-8.928342
-13.088152
-8.053000
-15.833091
-32.169177
-34.960213
6.974935
-0.366771
3.941709
1.249068
-4.627856
-1.340824
-6.501714
-18.109621
-22.719135
-10.977063
-14.019325
-18.628836
-17.209588
-29.871329
-32.498532
-33.034610
-30.349249
-27.188453
-33.371641
-37.814548
-34.609208
-40.233056
-34.474951
-39.502189
-40.007510
-45.887162
-47.080110
-46.829946
-51.375780
-51.410356
-52.359394
-51.048472
-46.231499
-43.055511
-42.382455
-40.947093
-38.786151
-38.784900
-42.450499
-41.031557
-42.889355
-43.624496
-36.025222
-41.927947
-34.705084
-40.483728
-37.285208
-26.845746
-13.472084
-13.985422
-12.529648
-20.988431
-21.579678
-32.062424
-23.724507
-13.122012
-21.280352
-20.011214
-18.599919
-22.483440
-24.682407
-19.004028
-25.072838
-30.812195
-33.024506
-33.600440
-37.398901
-39.100944
-37.374450
-36.615482
-40.566675
-39.231744
-38.191725
-27.418324
-20.893194
-21.906226
-7.036499
-0.577668
-0.270098
11.382590
22.134257
23.395433
22.273188
21.625704
11.283901
12.372101
18.042062
24.369824
19.158329
13.265220
10.349462
3.573982
4.221504
4.301466
7.408607
0.235463
-1.208884
-3.562080
-12.249407
-17.938266
-13.289681
-15.272738
-9.242556
-6.937061
-5.918938
-1.798881
0.890395
5.469334
11.453476
7.109734
-2.868258
-3.414802
-0.350619
3.254508
1.016300
2.292040
-4.932818
-4.720222
-2.805335
-2.626095
-1.773314
-1.052517
0.165026
5.782300
8.196017
8.675499
11.163301
9.709976
15.023500
23.013799
30.689395
32.722624
32.114332
27.581189
19.984257
24.666854
17.274786
17.894587
19.209834
20.133900
18.973854
14.293566
21.538994
23.843111
19.335949
30.369640
30.376534
32.888276
32.742521
40.044495
43.584862
44.913662
55.792847
51.720483
46.893614
53.040169
53.800340
53.230608
51.781702
55.206019
53.350055
45.333448
36.721865
29.913600
20.554645
10.756906
0.606325
-11.463727
-24.609972
-27.632929
-28.064116
-32.132730
-25.711739
-17.358346
-15.609871
-13.772392
-16.670081
-16.315378
-16.007687
-22.688555
-19.489163
-19.076450
-21.025416
-25.341494
-32.141112
-31.956959
-31.481058
-37.540644
-31.839579
-31.928752
-26.126411
-22.190755
-19.383948
-14.505326
-6.433778
1.060603
0.890261
-0.279918
-4.864496
-5.289202
-3.079067
-6.082758
-6.840134
-5.918218
-1.912084
0.917330
2.614950
0.779839
7.429649
18.980907
14.408170
10.465494
5.140620
3.138466
4.819669
6.643350
6.110088
9.883819
17.832386
20.401854
14.625322
23.249027
17.759128
25.720595
30.378625
30.125125
37.904622
37.801230
41.257115
47.437269
43.334943
40.787012
36.716676
31.798917
19.175363
8.967585
15.273628
6.140097
3.650753
1.395811
3.201001
7.641589
-7.162085
-1.798045
-3.675528
-11.591333
-12.468620
-7.247725
-13.648578
-8.392477
1.569162
-4.445495
-0.803024
1.567531
-7.604020
-6.668855
-9.639893
-13.930784
-17.289783
-13.402966
-22.214302
-13.834478
-20.822336
-27.036717
-24.204803
-32.411108
-28.937620
-29.368442
-28.685350
-28.197895
-26.426838
-21.377346
-24.787278
-18.316556
-16.880219
-10.602162
-1.360572
-0.002697
-2.309138
2.590000
3.590983
13.022137
16.844527
23.349709
28.425704
32.369394
34.220232
44.376516
49.110737
54.627746
55.075025
53.987891
53.231337
53.344954
53.299945
51.691868
51.483153
48.435999
49.638120
48.833204
48.084870
43.025361
29.594069
30.302795
14.203604
7.605451
7.065125
9.075868
13.771836
11.820331
10.282949
10.383171
17.525539
17.760287
17.563452
34.093637
30.651029
37.907620
42.266429
48.602165
47.742011
39.598566
38.674531
36.668372
21.527308
12.011036
16.720127
3.776429
7.065394
5.953547
9.692646
18.172228
14.433154
18.109501
20.728116
30.126034
27.734933
16.029366
24.247309
22.420796
20.348741
21.602196
19.156185
21.963139
15.815557
31.382101
30.578475
32.399937
29.916774
46.057896
37.725966
38.931968
40.754965
41.306926
38.956653
42.425450
31.380436
13.110811
13.533647
9.333448
4.338960
-3.275658
-8.886103
-9.932043
-12.861591
-10.826224
-9.754019
-10.539296
-11.171392
-7.376160
-4.538367
-5.265328
-11.997006
-31.101350
-32.770583
-33.062505
-29.375484
-37.503997
-36.816093
-38.477783
-45.470408
-44.214715
-46.193305
-47.959089
-43.289206
-46.821191
-43.515669
-38.412088
-33.145348
-31.132207
-16.836824
-19.605184
-21.512938
0.255101
11.755791
17.890269
36.143589
39.344417
43.104816
44.672535
48.905958
53.864829
61.123955
63.376954
62.337688
63.249952
61.992944
49.771229
57.210196
54.458989
49.275660
52.469067
46.879976
55.512259
38.871079
37.467511
38.710308
30.221134
27.940053
13.179910
19.474209
10.113614
1.656913
-4.290265
-9.420954
-17.949378
-24.124392
-23.810695
-31.846189
-32.510395
-29.650270
-28.207807
-41.186284
-42.796654
-38.997185
-31.031783
-44.190132
-37.770831
-38.585339
-33.673750
-37.058213
-29.002849
-43.275141
-31.826292
-31.025173
-26.812450
-15.357352
-5.504742
-3.008985
2.374936
0.213951
-4.444539
-0.992208
-10.145088
-14.432685
-16.069738
-18.777007
-18.000896
-32.798991
-32.367849
-28.881553
-19.376534
-13.153452
-4.702611
10.291347
13.902906
26.114433
36.685965
46.957166
52.533692
59.170625
52.500714
59.961907
62.344640
59.246366
46.660894
49.568188
45.231448
39.713749
21.090229
26.837204
14.059926
22.724111
3.545969
-4.537119
-8.806024
-3.206816
-0.704158
-7.817811
-9.701799
-17.985566
-18.459057
-11.016581
-9.477948
-9.018170
-8.489561
-3.112542
0.513864
-6.659591
-17.614620
-18.044455
-19.436943
-23.328214
-28.097783
-33.848724
-34.708080
-35.765663
-46.533198
-35.960643
-31.581833
-15.152609
-7.873011
4.006388
7.723440
10.041130
21.221665
23.365155
27.077567
23.455281
33.276985
30.622081
30.007277
34.205276
36.022139
33.769777
35.306119
38.517270
38.801515
40.704163
47.361052
47.847422
37.709493
36.325360
21.802980
4.225103
3.199037
-1.856028
0.181522
2.262703
6.938749
9.458653
20.244162
18.568814
20.323243
5.685864
-1.616630
-6.651767
-16.128961
-24.985379
-24.507282
-22.401276
-15.648386
-14.298622
-12.892376
-13.337818
-5.375968
0.279406
-0.565314
-6.489999
22.870106
21.191294
29.413330
43.748308
47.190050
48.207294
45.408819
45.624318
47.722212
50.380995
48.403893
47.298598
49.073951
47.661206
47.202917
46.680434
48.568697
45.143797
46.952298
48.182083
49.398654
51.225703
53.871476
52.693936
54.008130
55.705590
59.356132
61.004069
61.263904
60.337971
60.229844
54.512772
47.742496
48.382304
43.932106
33.060569
41.978183
37.908414
32.848653
34.841817
37.468790
29.810709
20.514038
25.547566
18.079966
23.463855
22.425175
14.543832
10.947515
16.420012
9.989863
13.745189
9.353797
19.472362
13.632012
20.676544
17.454864
16.276098
7.406633
14.660170
9.189430
3.581465
9.968199
-1.374430
0.693479
1.644504
-10.840045
-2.502265
-10.894876
-21.315147
-19.921115
-27.558229
-31.202061
-28.838695
-28.941931
-30.645570
-47.191300
-49.664880
-41.940144
-41.989463
-48.516699
-50.241539
-53.411829
-53.206933
-51.817662
-54.767191
-58.025871
-49.532278
-50.855402
-46.891561
-42.707050
-42.634320
-29.834265
-28.180901
-36.451664
-34.271383
-28.107846
-23.189469
-22.017173
-20.586857
-18.110590
-19.252067
-20.501651
-23.532598
-24.558345
-33.255306
-36.557543
-40.377551
-41.413453
-36.409612
-31.692374
-28.189126
-28.770914
-17.702865
-26.957003
-18.107403
-22.411433
-18.715150
-20.191089
-24.525138
-19.774308
-21.555834
-19.620191
-11.500077
-18.129566
-9.442838
-6.153689
-17.376639
-21.712642
-23.427819
-32.039886
-35.010112
-39.003449
-49.169857
-49.020420
-49.311172
-48.791802
-44.936728
-44.459466
-41.461504
-40.580511
-44.998366
-36.666346
-21.730376
-7.385869
0.837978
6.450461
13.656480
27.775101
40.830371
51.504829
51.989187
57.235826
55.359748
54.148079
50.292374
42.966429
37.664973
29.201826
23.595930
11.189294
1.034933
-2.326736
-9.190482
-17.283525
-19.243176
-26.797740
-32.683185
-34.566573
-33.017804
-30.884517
-36.791981
-39.291152
-43.761622
-43.041077
-45.664322
-50.147641
-48.542959
-38.643134
-32.582009
-32.978916
-37.746764
-38.517463
-47.272731
-47.101260
-49.752945
-54.454531
-54.078291
-51.582184
-57.005032
-57.532821
-55.580868
-50.617487
-43.205933
-41.808398
-48.328217
-42.561921
-39.544962
-38.825088
-35.865534
-31.919669
-26.036586
-20.881445
-15.502116
-16.586001
-13.715762
-0.451678
9.200586
6.066690
16.334730
20.027815
27.628489
28.452099
33.281705
41.718293
39.818392
44.297625
53.441524
59.076332
64.324380
53.975056
65.077091
60.827740
56.712205
59.100602
51.131427
46.344238
51.341690
45.461400
42.947603
40.960882
37.364420
32.009801
23.102067
24.371807
19.895490
14.193345
13.206149
8.254793
9.607095
8.436045
12.847694
3.842667
5.560935
2.734765
2.655791
-2.192641
-1.757962
-3.173499
9.236889
8.206345
9.520019
6.959870
10.702841
9.406912
11.967498
22.408388
18.806315
17.429498
11.888897
1.243317
1.918952
-4.385861
-9.072079
-10.399616
-4.038327
-13.037980
-21.360510
-18.157106
-16.193619
-13.864117
-20.250756
-12.465861
-11.131831
-26.136781
-23.121988
-18.951307
-32.322360
-24.896016
-21.158064
-25.021967
-17.793653
-20.286030
-16.823092
-13.296086
-13.976432
-16.328461
-21.493482
-22.299906
-16.600059
-27.877996
-28.787701
-35.312564
-27.038432
-27.649398
-20.750516
-21.654997
-25.446236
-31.866092
-33.240700
-34.684474
-36.550461
-29.212027
-32.834377
-28.176340
-27.170617
-37.168240
-25.789529
-35.919007
-37.217474
-27.804476
-31.293796
-32.004182
-29.109520
-41.967055
-45.043204
-41.288030
-48.829069
-45.398648
-42.904844
-43.928219
-39.900620
-41.838880
-49.881346
-40.105695
-29.531581
-15.206554
-15.201943
-21.906728
-16.305907
-0.617657
0.680323
11.845874
16.847726
18.980917
37.227477
36.004874
33.018259
50.104838
49.982292
39.305974
50.232762
51.365598
53.815596
50.333773
48.623389
43.815601
33.188373
29.848604
19.903978
17.110558
17.219912
11.035945
18.576863
17.734458
20.887596
33.113364
36.993972
33.520087
41.333972
45.684612
49.492113
46.324929
47.972013
44.110842
44.600797
30.195812
26.862912
15.145732
13.204461
-2.353893
-11.505597
-20.646129
-21.069813
-30.566442
-30.636581
-29.757078
-29.824243
-22.688731
-18.150649
-18.381183
-16.081017
-15.049832
-18.019734
-11.432485
-13.445345
-11.673682
-16.405752
-14.363246
-21.598180
-27.870924
-24.451776
-22.798236
-18.112968
-6.842481
-8.950588
-5.132479
-0.130436
-4.659744
4.848175
-1.348547
2.077690
11.536703
10.893407
12.651488
10.285568
16.308885
17.174394
9.385778
16.069165
21.292793
15.516705
21.258449
26.100820
29.197470
44.764367
43.193376
38.313165
37.806019
35.939952
25.190593
18.030777
21.247642
14.765278
14.142530
18.628086
17.948606
6.477094
12.002882
9.533117
11.687587
8.113767
0.929048
11.586668
-10.015798
-15.347437
-9.775799
-17.868602
-34.738357
-29.980376
-25.524918
-31.663166
-33.005279
-19.144973
-24.351983
-18.241020
-19.964661
-21.012758
-18.000842
-10.068194
-17.684772
-15.082038
-18.576364
-20.230435
-9.590654
-10.611044
0.666230
6.343159
17.060852
15.871031
16.962469
24.844723
25.182934
30.575018
26.765463
28.850123
30.498336
16.872972
4.862755
-8.839993
-20.635712
-21.657441
-30.396157
-36.278543
-39.557239
-44.508780
-45.699819
-49.089101
-47.875129
-49.144115
-44.850575
-46.820890
-46.101518
-44.135229
-46.956880
-46.555887
-48.504750
-45.378068
-47.396462
-47.564707
-45.493296
-45.567167
-45.572963
-43.659366
-45.540808
-45.847164
-49.900395
-48.349047
-49.445748
-50.075189
-47.752948
-36.756410
-24.871790
-12.614250
-5.272687
0.119377
3.165063
8.805875
14.702324
18.853619
16.692209
16.329714
16.892874
13.412186
5.529835
5.474692
6.692000
6.250943
7.417684
11.435726
8.582344
17.662868
11.201872
16.557587
15.405535
14.227120
12.719701
9.812425
11.960349
11.694103
16.825219
13.984547
18.689850
15.574763
18.061627
16.278043
13.329502
8.914385
1.360857
0.630954
-2.011394
-3.697502
-6.854353
-10.916382
-5.289537
-3.487927
-3.597875
-4.127867
-11.562458
-9.976294
-13.970724
-18.533349
-22.904562
-23.609347
-32.878992
-34.426696
-33.945842
-37.846862
-30.974629
-31.966751
-29.215965
-27.224602
-29.139865
-27.302751
-30.968554
-28.747538
-26.617949
-23.411851
-24.545384
-20.295146
-15.919979
-13.423164
-6.995470
-11.623117
-12.944357
-5.978773
0.880969
3.935750
5.159313
9.544087
23.258485
21.386604
20.696211
7.549367
17.188442
14.368917
17.301300
19.924366
16.549408
20.693377
22.133204
33.718820
37.372079
38.319764
44.659188
47.388362
43.577548
42.051869
44.113738
46.921160
41.342058
39.859541
38.289996
16.337549
18.151439
24.393567
34.495606
36.362409
40.435639
38.267379
38.569446
42.696240
37.738520
49.999307
41.627562
39.106482
35.107046
34.673108
29.068010
24.415107
18.933700
22.595665
16.849326
10.640412
2.929115
-3.456488
0.652052
9.258035
19.166182
35.387075
43.083357
49.567988
52.987749
49.803359
46.577953
44.884706
43.702453
44.159491
41.967565
44.201154
33.758658
49.929223
48.110609
55.408845
54.805297
54.490737
54.756511
57.274495
58.705049
59.810860
51.141934
54.958075
54.556857
48.411817
49.484251
50.968703
50.790515
48.684299
42.489389
41.614293
31.258455
26.184902
13.392097
9.039354
1.219034
-11.623272
-15.555516
-21.644320
-25.379751
-21.778918
-22.335632
-21.363298
-17.904488
-22.893981
-25.542209
-19.941772
-13.721974
-8.133098
-1.994695
5.153752
6.034543
8.062860
11.461100
11.968628
14.550909
21.531188
20.600805
19.528243
15.972660
14.409460
16.505812
13.890981
12.435481
4.181832
8.589691
1.160301
9.399678
13.891663
16.305152
30.955485
28.081697
14.872923
25.997652
27.016293
20.017941
26.099493
15.626857
25.162523
25.588342
30.783615
24.461254
23.281655
23.902819
24.442226
30.148495
18.350096
19.613634
24.533571
20.832164
20.751426
26.851457
24.055528
28.664967
27.622769
32.151079
33.363354
42.828900
37.450867
34.813541
24.697146
20.172483
7.774430
1.037751
-8.524544
-11.269966
0.592463
2.051483
10.262816
26.285319
29.259964
29.589253
20.490615
11.050582
18.884052
11.135155
12.782879
10.889704
16.251678
19.131455
17.070030
11.282159
13.943291
13.878329
14.730198
14.309302
12.063407
13.366843
11.616156
6.563617
12.908334
9.784098
14.922687
1.247805
0.402751
-2.143486
0.057460
3.598799
-7.576967
-8.263138
-23.813819
-7.924853
3.254809
13.447141
12.455409
20.759896
22.361696
24.350062
27.426071
38.098976
43.916816
47.434315
42.234571
36.053390
21.206437
20.560248
15.004859
14.850060
7.986074
7.113866
12.436035
13.604943
3.675985
18.439247
20.114239
16.153224
12.499904
18.661545
20.325170
11.612072
9.272968
11.242637
6.905861
-0.760549
-4.601380
-10.560571
-12.952956
-9.789128
-7.659913
-12.118496
-11.986507
-14.555668
-16.452754
-15.861255
-17.719187
-20.727170
-19.713273
-34.045731
-26.392637
-34.106047
-30.370695
-29.116097
-34.820319
-36.878367
-27.016142
-22.166730
-18.151564
-21.935678
-29.959200
-39.621313
-38.879092
-41.060510
-40.374260
-41.381494
-40.696688
-37.859859
-37.731409
-34.640387
-31.514044
-22.525620
-17.542557
-23.059079
-21.836146
-14.711582
-7.723909
-8.042907
-8.950333
-11.084871
-6.020632
-1.866300
-7.515214
-6.816735
-15.201419
-21.333873
-24.486622
-26.950955
-16.226420
-8.471921
1.733053
15.877088
34.089226
42.725084
46.909517
48.475445
52.629294
51.862165
52.701556
50.337555
47.441948
46.375021
46.285592
50.167491
46.285810
43.919596
41.299205
35.047289
38.912251
27.472431
30.613707
30.994885
25.563867
24.727916
26.836086
23.693623
24.690196
22.696435
18.895210
18.234448
10.791840
3.073704
3.795887
-5.337034
-2.217186
-6.849734
-4.206221
2.313961
3.008642
3.928590
13.635028
10.653516
4.267250
5.137286
11.752239
13.968171
17.850816
35.615468
41.524774
44.744362
50.528965
50.729543
49.544782
54.533718
51.790310
54.957714
54.080151
53.011070
46.844833
44.759915
41.162470
43.889497
39.699048
32.027599
28.927440
23.409312
13.206679
12.716665
14.202901
6.038356
3.273010
0.887532
-8.131128
-9.713919
-13.205583
-6.569692
-11.596023
-7.631770
-8.928342
-13.088152
-8.053000
-15.833091
-32.169177
-34.960213
-30.400543
-19.974748
-15.061225
-7.024650
-11.413377
-1.911959
-6.081901
0.481221
-7.510825
-11.576360
-16.615687
-2.406807
-4.907064
-9.283763
-1.183447
-6.424897
7.314724
2.851468
16.640781
12.654876
9.800922
12.194259
14.539046
18.382065
29.772630
21.573052
20.610271
22.537686
16.611486
11.397376
10.645074
10.882908
10.097793
13.299941
13.571588
8.286464
10.336179
11.349210
19.521124
18.206419
14.183769
14.612197
16.000711
12.544510
1.293142
9.301726
7.677288
-3.404240
-19.277074
-11.754329
-17.229154
-23.369084
-24.777433
-28.634451
-42.163447
-43.467558
-51.835450
-52.221768
-47.217036
-44.379300
-42.796965
-40.280712
-31.707095
-28.610394
-36.668122
-29.972871
-41.286847
-30.309579
-35.335017
-29.230256
-34.632706
-39.896738
-43.531030
-42.729928
-45.368572
-48.058465
-43.059463
-37.676176
-40.123521
-46.300253
-46.629311
-50.412784
-46.158243
-48.144725
-53.128891
-52.869590
-49.072571
-49.590220
-37.785700
-43.269606
-42.442348
-35.693473
-37.669589
-42.434404
-36.712654
-29.238009
-32.526608
-32.751880
-31.940370
-38.020867
-44.211240
-45.332584
-40.332324
-37.373671
-43.082406
-34.454990
-28.366147
-25.922293
-26.545819
-31.460921
-25.224597
-11.891598
-13.947726
-8.197885
-1.804314
9.238516
13.317337
11.382219
15.395231
27.008079
22.314764
35.885529
32.370793
39.920735
41.250469
44.168107
39.397393
38.210567
41.349946
33.422757
38.503279
26.833827
34.172880
37.778431
35.672545
39.218892
32.549258
33.339674
33.979575
31.029295
44.551183
52.339847
50.675122
53.217066
52.964307
53.306676
52.175513
43.986952
48.632746
48.286165
37.782639
40.454703
42.645785
33.105155
33.157076
40.485869
40.923577
43.274333
42.165443
30.391698
33.734595
38.826881
43.667240
39.377778
35.436980
36.348747
40.704786
46.430326
42.170053
36.670539
32.767809
34.838280
23.159640
29.349874
35.130617
40.825437
38.236632
45.200355
43.065445
44.490758
36.086755
34.418544
29.294825
32.296144
31.166258
30.452178
22.300526
14.553835
20.554393
8.001648
10.593856
1.626814
-4.200994
-7.962125
-10.862134
-5.135205
-3.858146
3.559726
-1.339363
-1.181963
1.854456
-6.004200
-4.550620
-8.216218
-6.668512
-4.547155
-7.725322
-9.362645
-13.956668
-12.643540
-16.069549
-11.586560
-9.104676
-9.794213
-11.930930
-7.712676
-10.359637
-16.942682
-25.877601
-25.630691
-30.446559
-42.101027
-44.593705
-41.730759
-38.877987
-34.331760
-35.937345
-39.585234
-29.628485
-37.428589
-38.860451
-35.385658
-30.568182
-33.812303
-35.518112
-37.705756
-34.203368
-36.702035
-41.648055
-44.470452
-48.582389
-48.325046
-47.677274
-43.603175
-43.622376
-44.956098
-42.822571
-44.684064
-50.115591
-48.704515
-50.459324
-47.388741
-46.885901
-44.583553
-43.475611
-48.796686
-38.791576
-38.654371
-25.862568
-21.571616
-14.779538
-9.457885
-4.073911
-7.108962
-11.851199
-15.848994
-21.019168
-27.976357
-19.838653
-21.197748
-31.285662
-25.067268
-31.425291
-29.243371
-33.822282
-40.911593
-43.375921
-40.910810
-37.524589
-37.936593
-36.914115
-31.348680
-21.124119
-5.967752
-11.413005
-9.026740
0.661218
-1.320270
7.665419
13.424240
4.677981
-2.676191
-9.689650
-13.187537
-14.489608
-12.330148
-18.660566
-18.985475
-17.868500
-33.372781
-41.132816
-47.867356
-54.461944
-51.323812
-50.207398
-50.224530
-54.815364
-52.405574
-47.162334
-46.676941
-42.705423
-49.531791
-50.345298
-53.173061
-50.115381
-51.731326
-50.187397
-44.564838
-44.757622
-39.328877
-31.552343
-27.086106
-27.054161
-23.191437
-17.105322
-18.861318
-22.590175
-20.591792
-17.748998
-12.689319
-16.799402
-16.635521
-14.734249
-10.993519
-12.381314
-13.469738
-9.014344
0.521894
9.608724
16.405193
22.053659
32.692102
30.460790
35.303470
42.022368
48.093581
47.809851
47.371672
48.079750
48.530570
48.621966
45.151555
48.292307
49.397015
46.772457
47.940223
49.470159
47.679694
49.478678
47.991566
48.217936
46.160191
43.050858
41.523721
22.815757
0.400283
-17.163889
-24.616818
-38.600560
-40.462664
-47.995345
-50.561253
-47.827182
-50.093525
-49.856776
-47.923362
-47.665014
-44.262802
-47.024689
-41.493050
-44.539456
-43.537789
-41.737279
-38.577886
-38.089022
-36.502053
-31.287869
-27.244869
-19.621009
-19.936675
-24.228714
-24.529674
-24.536463
-15.060838
-14.413053
-10.296037
-4.321473
-6.101813
2.027726
9.102209
10.158621
4.769053
4.193657
1.081943
7.632629
2.974282
1.398618
2.092279
1.211194
-2.931592
-9.404977
-2.957699
-5.105145
-6.265575
-1.863240
3.248951
9.794051
17.187980
7.187316
12.385098
25.542906
27.381776
37.847553
37.890354
42.833938
48.000739
47.407740
49.477070
49.635939
52.986087
52.998560
53.043797
51.307299
40.902082
38.282739
33.356932
30.412541
37.080138
39.728487
38.864289
43.685286
34.437824
30.470990
22.876017
15.203825
8.788348
3.971605
4.746189
17.712807
20.869403
18.650821
23.814331
32.385945
26.923851
24.600334
21.356983
26.592421
24.884639
32.141145
33.054131
37.654949
31.073642
21.091670
2.638303
4.129728
4.555405
5.763234
-8.882604
-1.232266
7.909000
-2.902465
-12.281654
-36.326459
-40.750371
-37.458796
-42.168587
-50.249265
-44.551135
-50.131619
-48.002672
-48.615560
-51.349325
-57.200117
-51.940807
-49.662206
-48.704492
-46.919077
-45.670790
-45.490393
-41.112616
-42.033571
-32.202515
-37.041971
-37.433092
-36.573080
-42.499239
-44.359103
-42.623740
-43.537572
-34.436524
6.974935
-0.366771
3.941709
1.249068
-4.627856
-1.340824
-6.501714
-18.109621
-22.719135
-10.977063
-14.019325
-18.628836
-17.209588
-29.871329
-32.498532
-33.034610
-30.349249
-27.188453
-33.371641
-37.814548
-34.609208
-40.233056
-34.474951
-39.502189
-40.007510
-45.887162
-47.080110
-46.829946
-51.375780
-51.410356
-52.359394
-51.048472
-46.231499
-43.055511
-42.382455
-40.947093
-38.786151
-38.784900
-42.450499
-41.031557
-42.889355
-43.624496
-36.025222
-41.927947
-34.705084
-40.483728
-37.285208
-26.845746
-13.472084
-13.985422
-12.529648
-20.988431
-21.579678
-32.062424
-23.724507
-13.122012
-21.280352
-20.011214
-18.599919
-22.483440
-24.682407
-19.004028
-25.072838
-30.812195
-33.024506
-33.600440
-37.398901
-39.100944
-37.374450
-36.615482
-40.566675
-39.231744
-38.191725
-27.418324
-20.893194
-21.906226
-7.036499
-0.577668
-0.270098
11.382590
22.134257
23.395433
22.273188
21.625704
11.283901
12.372101
18.042062
24.369824
19.158329
13.265220
10.349462
3.573982
4.221504
4.301466
7.408607
0.235463
-1.208884
-3.562080
-12.249407
-17.938266
-13.289681
-15.272738
-9.242556
-6.937061
-5.918938
-1.798881
0.890395
5.469334
11.453476
7.109734
-2.868258
-3.414802
-0.350619
3.254508
1.016300
2.292040
-4.932818
-4.720222
-2.805335
-2.626095
-1.773314
-1.052517
0.165026
5.782300
8.196017
8.675499
11.163301
9.709976
15.023500
23.013799
30.689395
32.722624
32.114332
27.581189
19.984257
24.666854
17.274786
17.894587
19.209834
20.133900
18.973854
14.293566
21.538994
23.843111
19.335949
30.369640
30.376534
32.888276
32.742521
40.044495
43.584862
44.913662
55.792847
51.720483
46.893614
53.040169
53.800340
53.230608
51.781702
55.206019
53.350055
45.333448
36.721865
29.913600
20.554645
10.756906
0.606325
-11.463727
-24.609972
-27.632929
-28.064116
-32.132730
-25.711739
-17.358346
-15.609871
-13.772392
-16.670081
-16.315378
-16.007687
-22.688555
-19.489163
-19.076450
-21.025416
-25.341494
-32.141112
-31.956959
-31.481058
-37.540644
-31.839579
-31.928752
-26.126411
-22.190755
-19.383948
-14.505326
-6.433778
1.060603
0.890261
-0.279918
-4.864496
-5.289202
-3.079067
-6.082758
-6.840134
-5.918218
-1.912084
0.917330
2.614950
0.779839
7.429649
18.980907
14.408170
10.465494
5.140620
3.138466
4.819669
6.643350
6.110088
9.883819
17.832386
20.401854
14.625322
23.249027
17.759128
25.720595
30.378625
30.125125
37.904622
37.801230
41.257115
47.437269
43.334943
40.787012
36.716676
31.798917
19.175363
8.967585
15.273628
6.140097
3.650753
1.395811
3.201001
7.641589
-7.162085
-1.798045
-3.675528
-11.591333
-12.468620
-7.247725
-13.648578
-8.392477
1.569162
-4.445495
-0.803024
1.567531
-7.604020
-6.668855
-9.639893
-13.930784
-17.289783
-13.402966
-22.214302
-13.834478
-20.822336
-27.036717
-24.204803
-32.411108
-28.937620
-29.368442
-28.685350
-28.197895
-26.426838
-21.377346
-24.787278
-18.316556
-16.880219
-10.602162
-1.360572
-0.002697
-2.309138
2.590000
3.590983
13.022137
16.844527
23.349709
28.425704
32.369394
34.220232
44.376516
49.110737
54.627746
55.075025
53.987891
53.231337
53.344954
53.299945
51.691868
51.483153
48.435999
49.638120
48.833204
48.084870
43.025361
29.594069
30.302795
14.203604
7.605451
7.065125
9.075868
13.771836
11.820331
10.282949
10.383171
17.525539
17.760287
17.563452
34.093637
30.651029
37.907620
42.266429
48.602165
47.742011
39.598566
38.674531
36.668372
21.527308
12.011036
16.720127
3.776429
7.065394
5.953547
9.692646
18.172228
14.433154
18.109501
20.728116
30.126034
27.734933
16.029366
24.247309
22.420796
20.348741
21.602196
19.156185
21.963139
15.815557
31.382101
30.578475
32.399937
29.916774
46.057896
37.725966
38.931968
40.754965
41.306926
38.956653
42.425450
31.380436
13.110811
13.533647
9.333448
4.338960
-3.275658
-8.886103
-9.932043
-12.861591
-10.826224
-9.754019
-10.539296
-11.171392
-7.376160
-4.538367
-5.265328
-11.997006
-31.101350
-32.770583
-33.062505
-29.375484
-37.503997
-36.816093
-38.477783
-45.470408
-44.214715
-46.193305
-47.959089
-43.289206
-46.821191
-43.515669
-38.412088
-33.145348
-31.132207
-16.836824
-19.605184
-21.512938
0.255101
11.755791
17.890269
36.143589
39.344417
43.104816
44.672535
48.905958
53.864829
61.123955
63.376954
62.337688
63.249952
61.992944
49.771229
57.210196
54.458989
49.275660
52.469067
46.879976
55.512259
38.871079
37.467511
38.710308
30.221134
27.940053
13.179910
19.474209
10.113614
1.656913
-4.290265
-9.420954
-17.949378
-24.124392
-23.810695
-31.846189
-32.510395
-29.650270
-28.207807
-41.186284
-42.796654
-38.997185
-31.031783
-44.190132
-37.770831
-38.585339
-33.673750
-37.058213
-29.002849
-43.275141
-31.826292
-31.025173
-26.812450
-15.357352
-5.504742
-3.008985
2.374936
0.213951
-4.444539
-0.992208
-10.145088
-14.432685
-16.069738
-18.777007
-18.000896
-32.798991
-32.367849
-28.881553
-19.376534
-13.153452
-4.702611
10.291347
13.902906
26.114433
36.685965
46.957166
52.533692
59.170625
52.500714
59.961907
62.344640
59.246366
46.660894
49.568188
45.231448
39.713749
21.090229
26.837204
14.059926
22.724111
3.545969
-4.537119
-8.806024
-3.206816
-0.704158
-7.817811
-9.701799
-17.985566
-18.459057
-11.016581
-9.477948
-9.018170
-8.489561
-3.112542
0.513864
-6.659591
-17.614620
-18.044455
-19.436943
-23.328214
-28.097783
-33.848724
-34.708080
-35.765663
-46.533198
-35.960643
-31.581833
-15.152609
-7.873011
4.006388
7.723440
10.041130
21.221665
23.365155
27.077567
23.455281
33.276985
30.622081
30.007277
34.205276
36.022139
33.769777
35.306119
38.517270
38.801515
40.704163
47.361052
47.847422
37.709493
36.325360
21.802980
4.225103
3.199037
-1.856028
0.181522
2.262703
6.938749
9.458653
20.244162
18.568814
20.323243
5.685864
-1.616630
-6.651767
-16.128961
-24.985379
-24.507282
-22.401276
-15.648386
-14.298622
-12.892376
-13.337818
-5.375968
0.279406
-0.565314
-6.489999
22.870106
21.191294
29.413330
43.748308
47.190050
48.207294
45.408819
45.624318
47.722212
50.380995
48.403893
47.298598
49.073951
47.661206
47.202917
46.680434
48.568697
45.143797
46.952298
48.182083
49.398654
51.225703
53.871476
52.693936
54.008130
55.705590
59.356132
61.004069
61.263904
60.337971
60.229844
54.512772
47.742496
48.382304
43.932106
33.060569
41.978183
37.908414
32.848653
34.841817
37.468790
29.810709
20.514038
25.547566
18.079966
23.463855
22.425175
14.543832
10.947515
16.420012
9.989863
13.745189
9.353797
19.472362
13.632012
20.676544
17.454864
16.276098
7.406633
14.660170
9.189430
3.581465
9.968199
-1.374430
0.693479
1.644504
-10.840045
-2.502265
-10.894876
-21.315147
-19.921115
-27.558229
-31.202061
-28.838695
-28.941931
-30.645570
-47.191300
-49.664880
-41.940144
-41.989463
-48.516699
-50.241539
-53.411829
-53.206933
-51.817662
-54.767191
-58.025871
-49.532278
-50.855402
-46.891561
-42.707050
-42.634320
-29.834265
-28.180901
-36.451664
-34.271383
-28.107846
-23.189469
-22.017173
-20.586857
-18.110590
-19.252067
-20.501651
-23.532598
-24.558345
-33.255306
-36.557543
-40.377551
-41.413453
-36.409612
-31.692374
-28.189126
-28.770914
-17.702865
-26.957003
-18.107403
-22.411433
-18.715150
-20.191089
-24.525138
-19.774308
-21.555834
-19.620191
-11.500077
-18.129566
-9.442838
-6.153689
-17.376639
-21.712642
-23.427819
-32.039886
-35.010112
-39.003449
-49.169857
-49.020420
-49.311172
-48.791802
-44.936728
-44.459466
-41.461504
-40.580511
-44.998366
-36.666346
-21.730376
-7.385869
0.837978
6.450461
13.656480
27.775101
40.830371
51.504829
51.989187
57.235826
55.359748
54.148079
50.292374
42.966429
37.664973
29.201826
23.595930
11.189294
1.034933
-2.326736
-9.190482
-17.283525
-19.243176
-26.797740
-32.683185
-34.566573
-33.017804
-30.884517
-36.791981
-39.291152
-43.761622
-43.041077
-45.664322
-50.147641
-48.542959
-38.643134
-32.582009
-32.978916
-37.746764
-38.517463
-47.272731
-47.101260
-49.752945
-54.454531
-54.078291
-51.582184
-57.005032
-57.532821
-55.580868
-50.617487
-43.205933
-41.808398
-48.328217
-42.561921
-39.544962
-38.825088
-35.865534
-31.919669
-26.036586
-20.881445
-15.502116
-16.586001
-13.715762
-0.451678
9.200586
6.066690
16.334730
20.027815
27.628489
28.452099
33.281705
41.718293
39.818392
44.297625
53.441524
59.076332
64.324380
53.975056
65.077091
60.827740
56.712205
59.100602
51.131427
46.344238
51.341690
45.461400
42.947603
40.960882
37.364420
32.009801
23.102067
24.371807
19.895490
14.193345
13.206149
8.254793
9.607095
8.436045
12.847694
3.842667
5.560935
2.734765
2.655791
-2.192641
-1.757962
-3.173499
9.236889
8.206345
9.520019
6.959870
10.702841
9.406912
11.967498
22.408388
18.806315
17.429498
11.888897
1.243317
1.918952
-4.385861
-9.072079
-10.399616
-4.038327
-13.037980
-21.360510
-18.157106
-16.193619
-13.864117
-20.250756
-12.465861
-11.131831
-26.136781
-23.121988
-18.951307
-32.322360
-24.896016
-21.158064
-25.021967
-17.793653
-20.286030
-16.823092
-13.296086
-13.976432
-16.328461
-21.493482
-22.299906
-16.600059
-27.877996
-28.787701
-35.312564
-27.038432
-27.649398
-20.750516
-21.654997
-25.446236
-31.866092
-33.240700
-34.684474
-36.550461
-29.212027
-32.834377
-28.176340
-27.170617
-37.168240
-25.789529
-35.919007
-37.217474
-27.804476
-31.293796
-32.004182
-29.109520
-41.967055
-45.043204
-41.288030
-48.829069
-45.398648
-42.904844
-43.928219
-39.900620
-41.838880
-49.881346
-40.105695
-29.531581
-15.206554
-15.201943
-21.906728
-16.305907
-0.617657
0.680323
11.845874
16.847726
18.980917
37.227477
36.004874
33.018259
50.104838
49.982292
39.305974
50.232762
51.365598
53.815596
50.333773
48.623389
43.815601
33.188373
29.848604
19.903978
17.110558
17.219912
11.035945
18.576863
17.734458
20.887596
33.113364
36.993972
33.520087
41.333972
45.684612
49.492113
46.324929
47.972013
44.110842
44.600797
30.195812
26.862912
15.145732
13.204461
-2.353893
-11.505597
-20.646129
-21.069813
-30.566442
-30.636581
-29.757078
-29.824243
-22.688731
-18.150649
-18.381183
-16.081017
-15.049832
-18.019734
-11.432485
-13.445345
-11.673682
-16.405752
-14.363246
-21.598180
-27.870924
-24.451776
-22.798236
-18.112968
-6.842481
-8.950588
-5.132479
-0.130436
-4.659744
4.848175
-1.348547
2.077690
11.536703
10.893407
12.651488
10.285568
16.308885
17.174394
9.385778
16.069165
21.292793
15.516705
21.258449
26.100820
29.197470
44.764367
43.193376
38.313165
37.806019
35.939952
25.190593
18.030777
21.247642
14.765278
14.142530
18.628086
17.948606
6.477094
12.002882
9.533117
11.687587
8.113767
0.929048
11.586668
-10.015798
-15.347437
-9.775799
-17.868602
-34.738357
-29.980376
-25.524918
-31.663166
-33.005279
-19.144973
-24.351983
-18.241020
-19.964661
-21.012758
-18.000842
-10.068194
-17.684772
-15.082038
-18.576364
-20.230435
-9.590654
-10.611044
0.666230
6.343159
17.060852
15.871031
16.962469
24.844723
25.182934
30.575018
26.765463
28.850123
30.498336
16.872972
4.862755
-8.839993
-20.635712
-21.657441
-30.396157
-36.278543
-39.557239
-44.508780
-45.699819
-49.089101
-47.875129
-49.144115
-44.850575
-46.820890
-46.101518
-44.135229
-46.956880
-46.555887
-48.504750
-45.378068
-47.396462
-47.564707
-45.493296
-45.567167
-45.572963
-43.659366
-45.540808
-45.847164
-49.900395
-48.349047
-49.445748
-50.075189
-47.752948
-36.756410
-24.871790
-12.614250
-5.272687
0.119377
3.165063
8.805875
14.702324
18.853619
16.692209
16.329714
16.892874
13.412186
5.529835
5.474692
6.692000
6.250943
7.417684
11.435726
8.582344
17.662868
11.201872
16.557587
15.405535
14.227120
12.719701
9.812425
11.960349
11.694103
16.825219
13.984547
18.689850
15.574763
18.061627
16.278043
13.329502
8.914385
1.360857
0.630954
-2.011394
-3.697502
-6.854353
-10.916382
-5.289537
-3.487927
-3.597875
-4.127867
-11.562458
-9.976294
-13.970724
-18.533349
-22.904562
-23.609347
-32.878992
-34.426696
-33.945842
-37.846862
-30.974629
-31.966751
-29.215965
-27.224602
-29.139865
-27.302751
-30.968554
-28.747538
-26.617949
-23.411851
-24.545384
-20.295146
-15.919979
-13.423164
-6.995470
-11.623117
-12.944357
-5.978773
0.880969
3.935750
5.159313
9.544087
23.258485
21.386604
20.696211
7.549367
17.188442
14.368917
17.301300
19.924366
16.549408
20.693377
22.133204
33.718820
37.372079
38.319764
44.659188
47.388362
43.577548
42.051869
44.113738
46.921160
41.342058
39.859541
38.289996
16.337549
18.151439
24.393567
34.495606
36.362409
40.435639
38.267379
38.569446
42.696240
37.738520
49.999307
41.627562
39.106482
35.107046
34.673108
29.068010
24.415107
18.933700
22.595665
16.849326
10.640412
2.929115
-3.456488
0.652052
9.258035
19.166182
35.387075
43.083357
49.567988
52.987749
49.803359
46.577953
44.884706
43.702453
44.159491
41.967565
44.201154
33.758658
49.929223
48.110609
55.408845
54.805297
54.490737
54.756511
57.274495
58.705049
59.810860
51.141934
54.958075
54.556857
48.411817
49.484251
50.968703
50.790515
48.684299
42.489389
41.614293
31.258455
26.184902
13.392097
9.039354
1.219034
-11.623272
-15.555516
-21.644320
-25.379751
-21.778918
-22.335632
-21.363298
-17.904488
-22.893981
-25.542209
-19.941772
-13.721974
-8.133098
-1.994695
5.153752
6.034543
8.062860
11.461100
11.968628
14.550909
21.531188
20.600805
19.528243
15.972660
14.409460
16.505812
13.890981
12.435481
4.181832
8.589691
1.160301
9.399678
13.891663
16.305152
30.955485
28.081697
14.872923
25.997652
27.016293
20.017941
26.099493
15.626857
25.162523
25.588342
30.783615
24.461254
23.281655
23.902819
24.442226
30.148495
18.350096
19.613634
24.533571
20.832164
20.751426
26.851457
24.055528
28.664967
27.622769
32.151079
33.363354
42.828900
37.450867
34.813541
24.697146
20.172483
7.774430
1.037751
-8.524544
-11.269966
0.592463
2.051483
10.262816
26.285319
29.259964
29.589253
20.490615
11.050582
18.884052
11.135155
12.782879
10.889704
16.251678
19.131455
17.070030
11.282159
13.943291
13.878329
14.730198
14.309302
12.063407
13.366843
11.616156
6.563617
12.908334
9.784098
14.922687
1.247805
0.402751
-2.143486
0.057460
3.598799
-7.576967
-8.263138
-23.813819
-7.924853
3.254809
13.447141
12.455409
20.759896
22.361696
24.350062
27.426071
38.098976
43.916816
47.434315
42.234571
36.053390
21.206437
20.560248
15.004859
14.850060
7.986074
7.113866
12.436035
13.604943
3.675985
18.439247
20.114239
16.153224
12.499904
18.661545
20.325170
11.612072
9.272968
11.242637
6.905861
-0.760549
-4.601380
-10.560571
-12.952956
-9.789128
-7.659913
-12.118496
-11.986507
-14.555668
-16.452754
-15.861255
-17.719187
-20.727170
-19.713273
-34.045731
-26.392637
-34.106047
-30.370695
-29.116097
-34.820319
-36.878367
-27.016142
-22.166730
-18.151564
-21.935678
-29.959200
-39.621313
-38.879092
-41.060510
-40.374260
-41.381494
-40.696688
-37.859859
-37.731409
-34.640387
-31.514044
-22.525620
-17.542557
-23.059079
-21.836146
-14.711582
-7.723909
-8.042907
-8.950333
-11.084871
-6.020632
-1.866300
-7.515214
-6.816735
-15.201419
-21.333873
-24.486622
-26.950955
-16.226420
-8.471921
1.733053
15.877088
34.089226
42.725084
46.909517
48.475445
52.629294
51.862165
52.701556
50.337555
47.441948
46.375021
46.285592
50.167491
46.285810
43.919596
41.299205
35.047289
38.912251
27.472431
30.613707
30.994885
25.563867
24.727916
26.836086
23.693623
24.690196
22.696435
18.895210
18.234448
10.791840
3.073704
3.795887
-5.337034
-2.217186
-6.849734
-4.206221
2.313961
3.008642
3.928590
13.635028
10.653516
4.267250
5.137286
11.752239
13.968171
17.850816
35.615468
41.524774
44.744362
50.528965
50.729543
49.544782
54.533718
51.790310
54.957714
54.080151
53.011070
46.844833
44.759915
41.162470
43.889497
39.699048
32.027599
28.927440
23.409312
13.206679
12.716665
14.202901
6.038356
3.273010
0.887532
-8.131128
-9.713919
-13.205583
-6.569692
-11.596023
-7.631770
-8.928342
-13.088152
-8.053000
-15.833091
-32.169177
-34.960213
-30.400543
