-0.366771
3.941709
1.249068
-4.627856
-1.340824
-6.501714
-18.109621
-22.719135
-10.977063
-14.019325
-18.628836
-17.209588
-29.871329
-32.498532
-33.034610
-30.349249
-27.188453
-33.371641
-37.814548
-34.609208
-40.233056
-34.474951
-39.502189
-40.007510
-45.887162
-47.080110
-46.829946
-51.375780
-51.410356
-52.359394
-51.048472
-46.231499
-43.055511
-42.382455
-40.947093
-38.786151
-38.784900
-42.450499
-41.031557
-42.889355
-43.624496
-36.025222
-41.927947
-34.705084
-40.483728
-37.285208
-26.845746
-13.472084
-13.985422
-12.529648
-20.988431
-21.579678
-32.062424
-23.724507
-13.122012
-21.280352
-20.011214
-18.599919
-22.483440
-24.682407
-19.004028
-25.072838
-30.812195
-33.024506
-33.600440
-37.398901
-39.100944
-37.374450
-36.615482
-40.566675
-39.231744
-38.191725
-27.418324
-20.893194
-21.906226
-7.036499
-0.577668
-0.270098
11.382590
22.134257
23.395433
22.273188
21.625704
11.283901
12.372101
18.042062
24.369824
19.158329
13.265220
10.349462
3.573982
4.221504
4.301466
7.408607
0.235463
-1.208884
-3.562080
-12.249407
-17.938266
-13.289681
-15.272738
-9.242556
-6.937061
-5.918938
-1.798881
0.890395
5.469334
11.453476
7.109734
-2.868258
-3.414802
-0.350619
3.254508
1.016300
2.292040
-4.932818
-4.720222
-2.805335
-2.626095
-1.773314
-1.052517
0.165026
5.782300
8.196017
8.675499
11.163301
9.709976
15.023500
23.013799
30.689395
32.722624
32.114332
27.581189
19.984257
24.666854
17.274786
17.894587
19.209834
20.133900
18.973854
14.293566
21.538994
23.843111
19.335949
30.369640
30.376534
32.888276
32.742521
40.044495
43.584862
44.913662
55.792847
51.720483
46.893614
53.040169
53.800340
53.230608
51.781702
55.206019
53.350055
45.333448
36.721865
29.913600
20.554645
10.756906
0.606325
-11.463727
-24.609972
-27.632929
-28.064116
-32.132730
-25.711739
-17.358346
-15.609871
-13.772392
-16.670081
-16.315378
-16.007687
-22.688555
-19.489163
-19.076450
-21.025416
-25.341494
-32.141112
-31.956959
-31.481058
-37.540644
-31.839579
-31.928752
-26.126411
-22.190755
-19.383948
-14.505326
-6.433778
1.060603
0.890261
-0.279918
-4.864496
-5.289202
-3.079067
-6.082758
-6.840134
-5.918218
-1.912084
0.917330
2.614950
0.779839
7.429649
18.980907
14.408170
10.465494
5.140620
3.138466
4.819669
6.643350
6.110088
9.883819
17.832386
20.401854
14.625322
23.249027
17.759128
25.720595
30.378625
30.125125
37.904622
37.801230
41.257115
47.437269
43.334943
40.787012
36.716676
31.798917
19.175363
8.967585
15.273628
6.140097
3.650753
1.395811
3.201001
7.641589
-7.162085
-1.798045
-3.675528
-11.591333
-12.468620
-7.247725
-13.648578
-8.392477
1.569162
-4.445495
-0.803024
1.567531
-7.604020
-6.668855
-9.639893
-13.930784
-17.289783
-13.402966
-22.214302
-13.834478
-20.822336
-27.036717
-24.204803
-32.411108
-28.937620
-29.368442
-28.685350
-28.197895
-26.426838
-21.377346
-24.787278
-18.316556
-16.880219
-10.602162
-1.360572
-0.002697
-2.309138
2.590000
3.590983
13.022137
16.844527
23.349709
28.425704
32.369394
34.220232
44.376516
49.110737
54.627746
55.075025
53.987891
53.231337
53.344954
53.299945
51.691868
51.483153
48.435999
49.638120
48.833204
48.084870
43.025361
29.594069
30.302795
14.203604
7.605451
7.065125
9.075868
13.771836
11.820331
10.282949
10.383171
17.525539
17.760287
17.563452
34.093637
30.651029
37.907620
42.266429
48.602165
47.742011
39.598566
38.674531
36.668372
21.527308
12.011036
16.720127
3.776429
7.065394
5.953547
9.692646
18.172228
14.433154
18.109501
20.728116
30.126034
27.734933
16.029366
24.247309
22.420796
20.348741
21.602196
19.156185
21.963139
15.815557
31.382101
30.578475
32.399937
29.916774
46.057896
37.725966
38.931968
40.754965
41.306926
38.956653
42.425450
31.380436
13.110811
13.533647
9.333448
4.338960
-3.275658
-8.886103
-9.932043
-12.861591
-10.826224
-9.754019
-10.539296
-11.171392
-7.376160
-4.538367
-5.265328
-11.997006
-31.101350
-32.770583
-33.062505
-29.375484
-37.503997
-36.816093
-38.477783
-45.470408
-44.214715
-46.193305
-47.959089
-43.289206
-46.821191
-43.515669
-38.412088
-33.145348
-31.132207
-16.836824
-19.605184
-21.512938
0.255101
11.755791
17.890269
36.143589
39.344417
43.104816
44.672535
48.905958
53.864829
61.123955
63.376954
62.337688
63.249952
61.992944
49.771229
57.210196
54.458989
49.275660
52.469067
46.879976
55.512259
38.871079
37.467511
38.710308
30.221134
27.940053
13.179910
19.474209
10.113614
1.656913
-4.290265
-9.420954
-17.949378
-24.124392
-23.810695
-31.846189
-32.510395
-29.650270
-28.207807
-41.186284
-42.796654
-38.997185
-31.031783
-44.190132
-37.770831
-38.585339
-33.673750
-37.058213
-29.002849
-43.275141
-31.826292
-31.025173
-26.812450
-15.357352
-5.504742
-3.008985
2.374936
0.213951
-4.444539
-0.992208
-10.145088
-14.432685
-16.069738
-18.777007
-18.000896
-32.798991
-32.367849
-28.881553
-19.376534
-13.153452
-4.702611
10.291347
13.902906
26.114433
36.685965
46.957166
52.533692
59.170625
52.500714
59.961907
62.344640
59.246366
46.660894
49.568188
45.231448
39.713749
21.090229
26.837204
14.059926
22.724111
3.545969
-4.537119
-8.806024
-3.206816
-0.704158
-7.817811
-9.701799
-17.985566
-18.459057
-11.016581
-9.477948
-9.018170
-8.489561
-3.112542
0.513864
-6.659591
-17.614620
-18.044455
