694.511977
710.625579
706.089647
699.852484
714.509434
711.078347
721.681678
709.544743
721.904610
721.634166
711.997476
705.415521
696.619705
701.328033
677.273296
703.582983
693.920484
690.945953
694.184636
695.029503
695.538698
701.499586
701.400017
692.985741
663.604343
641.082928
652.635356
647.741679
611.230222
617.819833
619.986387
649.261887
634.759563
647.278175
646.341786
669.388496
652.910894
646.657233
655.293657
671.105217
668.115978
683.380418
679.417146
690.030329
683.366382
681.774195
688.929324
691.060921
678.279732
680.018460
696.255304
716.719812
720.863346
734.979179
735.921098
762.121886
738.814397
728.704526
718.831441
714.852700
708.881244
688.589445
685.051456
683.390375
681.506674
683.284908
665.283555
658.067278
655.566458
647.434598
646.076068
648.271088
649.376903
642.244866
641.543091
637.999212
636.990716
632.388138
634.512501
640.950657
643.440624
641.007381
638.037346
626.445387
628.585630
630.217780
644.807505
625.068295
640.783605
642.251817
631.072869
638.189028
635.761321
636.545736
640.536409
642.804616
633.842368
640.528832
630.982804
634.308431
636.984747
631.814715
623.612351
616.763768
592.034683
605.123963
608.332723
618.635864
617.809580
624.149900
620.205565
624.333983
626.440462
627.894306
615.818884
608.720520
598.331415
582.603662
577.514485
580.572439
579.403074
580.426600
566.917378
575.556093
580.577989
570.981780
572.249343
566.996727
536.744876
565.509404
571.320474
589.922530
577.663154
581.104273
588.937187
578.059579
578.799996
566.443889
555.928423
564.110246
541.255795
536.603926
546.858177
538.297088
525.568954
519.496443
505.712424
489.565811
495.104961
485.887408
481.054757
473.018129
471.000706
463.817199
447.235012
458.700714
438.067705
436.783597
412.125425
407.259914
393.668231
381.505058
377.186207
375.531847
383.523029
394.570805
421.027022
439.823333
443.675098
465.764153
459.615853
451.223343
466.409610
481.375437
481.000643
493.926464
490.949255
480.049520
449.750641
457.834780
443.889331
444.873319
449.943008
438.883145
430.157876
423.773923
415.739238
405.964241
390.721155
384.600470
381.258524
365.839179
357.999617
372.601821
350.924072
345.466020
344.835842
351.643973
366.895032
387.569794
385.940338
374.503089
359.484868
374.274353
386.863025
410.899994
424.424190
430.262613
447.395233
452.562869
460.963519
449.911393
445.168700
441.691593
479.448337
494.325987
480.471209
484.025050
479.650171
506.588022
481.699768
495.165605
473.450412
452.922493
435.800595
423.565303
409.143753
398.584630
380.364041
373.159497
359.398907
340.342848
332.235253
343.398400
340.045212
341.791897
327.804668
351.169236
359.573696
359.613479
355.744538
362.706621
393.832565
397.191115
414.235364
415.851467
418.593347
415.800225
414.880675
420.955020
429.424698
422.009225
411.463484
410.186717
400.106536
404.010590
412.910051
404.416574
407.635498
413.820513
402.926683
412.385137
402.778326
401.766836
396.545906
393.458684
376.088995
373.855416
357.444905
337.528187
335.868509
314.936424
343.847906
322.279958
308.296828
329.914017
354.591238
345.982170
341.428925
352.375607
318.245345
319.795107
278.792037
301.596414
310.243614
317.783894
333.690784
338.135475
329.909762
343.466193
357.949100
356.448124
334.568538
330.931062
347.286358
332.682631
310.881818
301.999865
285.376162
249.384934
209.833573
203.330485
191.765069
213.722551
224.098679
199.753954
188.649570
180.539297
183.880333
189.003610
181.126673
185.312165
173.132589
187.043256
163.705692
175.242543
168.013015
171.443292
182.062463
182.099882
144.437388
133.300162
114.331215
124.290098
124.907983
108.531693
124.615164
119.396521
152.343696
148.398686
139.754141
134.876169
137.860109
155.087425
133.659286
160.004408
173.250211
176.659216
182.539800
191.269268
199.098882
205.943259
178.746400
190.602833
162.135218
154.678591
175.496974
181.264521
191.667752
169.285858
176.829965
170.173405
188.394668
177.269394
175.167297
185.671273
200.435311
198.815576
195.158911
219.125094
198.998382
202.359775
205.784627
221.665045
255.447198
242.973919
258.625419
251.386064
231.606621
224.075136
218.444551
214.729396
206.274930
217.496659
219.229020
214.226411
219.010843
216.516722
211.455358
229.291810
211.263106
206.505362
204.692426
178.190508
169.162980
168.622739
172.711353
156.631331
147.769024
165.719022
145.430644
123.075893
125.022677
110.730618
115.490402
102.642227
100.703833
101.700998
86.664305
106.353941
99.094265
111.871113
117.293815
106.773247
95.673179
93.971644
72.405376
85.331670
82.913776
103.959041
95.276700
102.489674
121.428550
139.125828
165.078850
160.617437
177.906705
174.920958
204.342462
216.746036
259.234455
276.912289
272.222874
237.700601
183.617235
200.443942
220.710956
221.521451
219.836508
159.149760
137.611533
127.755786
110.397197
142.542999
86.463669
98.072449
85.572762
86.723252
79.402639
68.620336
72.398991
67.370483
75.141285
114.240641
105.591623
86.625523
105.947727
118.973798
114.769537
120.876020
122.667487
114.164128
101.562214
96.914581
80.501746
79.548946
83.633735
69.122879
71.345436
92.638816
118.640087
154.229923
137.685471
143.776726
141.892022
159.808560
153.175787
167.925254
157.520091
173.248511
143.177840
136.506406
133.028893
102.964961
76.124275
71.775253
71.066124
81.155594
82.558905
123.207660
119.222239
130.166162
117.808867
136.325418
130.091919
128.795935
98.428608
75.423950
91.958837
70.685925
74.549268
70.372302
70.746362
69.832959
72.310533
83.629576
93.456789
81.881618
88.003586
94.009035
