91.405001
97.840809
118.962506
125.510632
139.603820
125.493059
112.016006
115.425634
105.769934
95.112774
103.387183
119.636983
130.097868
138.494679
144.888062
159.057964
185.410451
181.289805
191.031458
213.879713
220.811022
229.598107
211.335991
199.028379
202.164689
215.168740
214.414122
220.648713
275.367630
314.604523
310.378331
292.510357
294.524412
299.400363
306.818532
294.977452
290.378733
259.848391
267.647686
286.538803
257.959681
248.980656
244.356631
233.824764
259.159634
241.441013
243.317691
233.282664
213.677241
223.854156
192.783808
225.685706
203.543042
234.136874
240.706498
261.673213
272.990457
266.205684
301.031865
312.648842
302.588061
298.934324
330.705121
314.363505
323.215517
313.256736
318.418378
294.090988
317.240173
314.208960
276.456449
291.759672
299.236370
292.128283
275.469472
307.725463
276.126696
261.175057
265.077327
225.038127
219.248948
220.546806
208.011098
196.869389
193.210073
207.189301
148.316690
116.322866
96.043438
74.497159
76.302303
69.664997
94.803959
131.044143
128.991875
176.867783
183.302105
151.618510
172.390898
181.232397
258.235099
201.306519
195.800735
201.374269
196.753528
170.599009
196.949635
136.638133
178.591767
140.064324
142.845914
113.579158
126.920951
104.832403
114.136893
104.185769
136.652406
169.594699
163.751481
206.051504
221.481270
239.147903
196.798046
235.714503
246.507942
256.442975
258.784358
201.004479
192.946047
193.806957
201.660781
247.907842
248.334682
139.438981
149.059075
104.740008
89.822761
72.496590
85.378116
90.166630
101.557221
81.991697
123.341768
160.369534
189.094595
170.406917
182.313916
162.157333
151.397256
165.727529
145.131156
152.684805
168.229193
178.766873
158.336968
177.995726
175.123214
184.835800
183.190711
193.262161
221.382025
249.489230
227.574736
243.507280
238.956338
236.869813
226.299284
208.719538
199.000222
194.349676
172.707287
157.215912
161.638893
150.661724
143.049364
143.619424
135.352134
133.031895
150.646599
155.270337
147.219345
166.594768
172.775165
165.982809
200.796010
195.814295
189.872332
184.729423
196.532848
200.015696
204.872211
221.286744
242.304687
236.036741
262.525714
256.533732
273.740516
273.619878
300.164917
303.205874
287.924143
314.782861
325.418501
370.135778
398.344879
407.157170
421.089291
426.004779
414.914412
404.576883
402.768131
382.895165
374.524943
372.896190
370.992951
359.145503
346.322713
356.568476
338.605965
300.050222
321.527457
295.506160
301.279234
289.809001
292.685695
277.007446
257.068658
256.953725
255.521903
217.712377
210.882218
197.792714
193.671903
196.319263
185.612599
155.723754
150.993689
170.110520
179.197598
171.006091
180.208810
205.283800
215.684021
202.071035
197.369407
187.573600
141.927973
140.073168
132.462639
90.586898
90.342786
92.034981
89.225983
89.193125
98.664348
100.640691
127.333455
155.657780
160.128701
141.778332
166.418807
184.896965
191.084294
190.790422
232.647269
178.102550
209.731724
182.638669
176.428972
157.412857
140.597496
142.898088
114.688259
97.556832
87.673662
83.332358
85.574698
93.183306
77.228564
126.623643
115.012804
121.085925
164.911245
166.975253
174.281666
183.766355
207.552478
192.769056
195.922031
191.575951
182.528925
184.331481
169.810408
177.508221
161.618414
157.237287
156.911760
158.059848
152.318706
169.503285
154.122329
138.928444
127.199652
112.667272
111.597636
102.998136
101.718789
111.703244
101.557294
110.956471
106.764363
116.811829
126.211311
131.620650
132.442481
108.064428
100.049407
93.989832
89.689622
91.347899
94.627164
91.170555
80.139172
77.169914
77.876203
78.268603
81.676115
76.050099
81.163475
85.308537
90.326932
122.374153
123.773638
126.581914
139.619285
139.671136
140.721080
158.069829
187.474493
171.998394
196.999275
183.135943
182.072376
228.055377
221.284363
194.043178
204.285988
189.770370
175.775896
217.950691
207.580218
222.352124
192.498871
190.918818
211.143759
193.650394
165.312560
101.273553
77.621485
71.442050
72.619281
71.568414
72.032445
71.600370
75.332025
75.612846
80.309312
84.709965
106.305413
86.552177
102.486009
109.670193
94.724420
92.772313
89.388815
72.622241
78.786334
81.205794
73.320595
83.038264
79.143574
79.253975
77.174748
88.121158
77.642290
76.477927
68.627524
65.828372
69.786072
75.760468
67.003828
69.851782
68.111169
70.716956
70.387437
69.084089
71.016999
80.145882
79.521028
70.634802
77.704708
80.682221
82.333839
97.293007
109.012651
112.430222
126.834282
133.704317
147.806140
147.109686
149.645309
149.571188
152.662026
156.994063
147.779154
164.443885
143.349574
129.060720
147.404100
127.858476
133.434285
145.573050
144.482392
138.173839
139.100389
131.938934
146.476308
152.516384
174.207954
181.538855
201.994034
214.196695
210.367594
205.239074
197.593479
178.095850
167.329978
142.841853
146.186240
164.768167
157.191168
180.592487
155.580249
155.777917
144.912208
155.942435
143.567971
155.881893
143.606444
123.192317
117.449387
97.871313
91.990539
84.236079
85.368897
75.951321
73.912737
84.360433
75.620127
73.759652
83.242841
86.160880
94.062652
84.170050
91.747921
88.845700
97.602628
97.893905
95.608871
109.844154
108.429891
101.062457
94.295644
76.154610
80.587560
69.790444
75.794039
90.725265
101.515720
91.553728
88.213647
83.164860
86.059344
81.836622
82.816836
79.741280
86.636156
81.015015
78.840843
74.788885
71.366891
69.946720
77.238725
75.571051
80.047745
93.683105
113.392840
99.332293
115.583310
140.739974
