694.511977
710.625579
706.089647
699.852484
714.509434
711.078347
721.681678
709.544743
721.904610
721.634166
711.997476
705.415521
696.619705
701.328033
677.273296
703.582983
693.920484
690.945953
694.184636
695.029503
695.538698
701.499586
701.400017
692.985741
663.604343
641.082928
652.635356
647.741679
611.230222
617.819833
619.986387
649.261887
634.759563
647.278175
646.341786
669.388496
652.910894
646.657233
655.293657
671.105217
668.115978
683.380418
679.417146
690.030329
683.366382
681.774195
688.929324
691.060921
678.279732
680.018460
696.255304
716.719812
720.863346
734.979179
735.921098
762.121886
738.814397
728.704526
718.831441
714.852700
708.881244
688.589445
685.051456
683.390375
681.506674
683.284908
665.283555
658.067278
655.566458
647.434598
646.076068
648.271088
649.376903
642.244866
641.543091
637.999212
636.990716
632.388138
634.512501
640.950657
643.440624
641.007381
638.037346
626.445387
628.585630
630.217780
644.807505
625.068295
640.783605
642.251817
631.072869
638.189028
635.761321
636.545736
640.536409
642.804616
633.842368
640.528832
630.982804
634.308431
636.984747
631.814715
623.612351
616.763768
592.034683
605.123963
608.332723
618.635864
617.809580
624.149900
620.205565
624.333983
626.440462
627.894306
615.818884
608.720520
598.331415
582.603662
577.514485
580.572439
579.403074
580.426600
566.917378
575.556093
580.577989
570.981780
572.249343
566.996727
536.744876
565.509404
571.320474
589.922530
577.663154
581.104273
588.937187
578.059579
578.799996
566.443889
555.928423
564.110246
541.255795
536.603926
546.858177
538.297088
525.568954
519.496443
505.712424
489.565811
495.104961
485.887408
481.054757
473.018129
471.000706
463.817199
447.235012
458.700714
438.067705
436.783597
412.125425
407.259914
393.668231
381.505058
377.186207
375.531847
383.523029
394.570805
421.027022
439.823333
443.675098
465.764153
459.615853
451.223343
466.409610
481.375437
481.000643
493.926464
490.949255
480.049520
449.750641
457.834780
443.889331
444.873319
449.943008
438.883145
430.157876
423.773923
415.739238
405.964241
390.721155
384.600470
381.258524
365.839179
357.999617
372.601821
350.924072
345.466020
344.835842
351.643973
366.895032
387.569794
385.940338
374.503089
359.484868
374.274353
386.863025
410.899994
424.424190
430.262613
447.395233
452.562869
460.963519
449.911393
445.168700
441.691593
479.448337
494.325987
480.471209
484.025050
479.650171
506.588022
481.699768
495.165605
473.450412
452.922493
435.800595
423.565303
409.143753
398.584630
380.364041
373.159497
359.398907
340.342848
332.235253
343.398400
340.045212
341.791897
327.804668
351.169236
359.573696
359.613479
355.744538
362.706621
393.832565
397.191115
414.235364
415.851467
418.593347
415.800225
414.880675
420.955020
429.424698
422.009225
411.463484
410.186717
400.106536
404.010590
412.910051
404.416574
407.635498
413.820513
402.926683
412.385137
402.778326
401.766836
396.545906
393.458684
376.088995
373.855416
357.444905
337.528187
335.868509
314.936424
343.847906
322.279958
308.296828
329.914017
354.591238
345.982170
341.428925
352.375607
318.245345
319.795107
278.792037
301.596414
310.243614
317.783894
333.690784
338.135475
329.909762
343.466193
357.949100
356.448124
334.568538
330.931062
347.286358
332.682631
310.881818
301.999865
285.376162
249.384934
209.833573
203.330485
191.765069
213.722551
224.098679
199.753954
188.649570
180.539297
183.880333
189.003610
181.126673
185.312165
173.132589
187.043256
163.705692
175.242543
168.013015
171.443292
182.062463
182.099882
144.437388
133.300162
114.331215
124.290098
124.907983
108.531693
124.615164
119.396521
152.343696
148.398686
139.754141
134.876169
137.860109
155.087425
133.659286
160.004408
173.250211
176.659216
182.539800
191.269268
199.098882
205.943259
178.746400
190.602833
162.135218
154.678591
175.496974
181.264521
191.667752
169.285858
176.829965
170.173405
188.394668
177.269394
175.167297
185.671273
200.435311
198.815576
195.158911
219.125094
198.998382
202.359775
205.784627
221.665045
255.447198
242.973919
258.625419
251.386064
231.606621
224.075136
218.444551
214.729396
206.274930
217.496659
219.229020
214.226411
219.010843
216.516722
211.455358
229.291810
211.263106
206.505362
204.692426
178.190508
169.162980
168.622739
172.711353
156.631331
147.769024
165.719022
145.430644
123.075893
125.022677
110.730618
115.490402
102.642227
100.703833
101.700998
86.664305
106.353941
99.094265
111.871113
117.293815
106.773247
95.673179
93.971644
72.405376
85.331670
82.913776
103.959041
95.276700
102.489674
121.428550
139.125828
165.078850
160.617437
177.906705
174.920958
204.342462
216.746036
259.234455
276.912289
272.222874
237.700601
183.617235
200.443942
220.710956
221.521451
219.836508
159.149760
137.611533
127.755786
110.397197
142.542999
86.463669
98.072449
85.572762
86.723252
79.402639
68.620336
72.398991
67.370483
75.141285
114.240641
105.591623
86.625523
105.947727
118.973798
114.769537
120.876020
122.667487
114.164128
101.562214
96.914581
80.501746
79.548946
83.633735
69.122879
71.345436
92.638816
118.640087
154.229923
137.685471
143.776726
141.892022
159.808560
153.175787
167.925254
157.520091
173.248511
143.177840
136.506406
133.028893
102.964961
76.124275
71.775253
71.066124
81.155594
82.558905
123.207660
119.222239
130.166162
117.808867
136.325418
130.091919
128.795935
98.428608
75.423950
91.958837
70.685925
74.549268
70.372302
70.746362
69.832959
72.310533
83.629576
93.456789
81.881618
88.003586
94.009035
91.405001
97.840809
118.962506
125.510632
139.603820
125.493059
112.016006
115.425634
105.769934
95.112774
103.387183
119.636983
130.097868
138.494679
144.888062
159.057964
185.410451
181.289805
191.031458
213.879713
220.811022
229.598107
211.335991
199.028379
202.164689
215.168740
214.414122
220.648713
275.367630
314.604523
310.378331
292.510357
294.524412
299.400363
306.818532
294.977452
290.378733
259.848391
267.647686
286.538803
257.959681
248.980656
244.356631
233.824764
259.159634
241.441013
243.317691
233.282664
213.677241
223.854156
192.783808
225.685706
203.543042
234.136874
240.706498
261.673213
272.990457
266.205684
301.031865
312.648842
302.588061
298.934324
330.705121
314.363505
323.215517
313.256736
318.418378
294.090988
317.240173
314.208960
276.456449
291.759672
299.236370
292.128283
275.469472
307.725463
276.126696
261.175057
265.077327
225.038127
219.248948
220.546806
208.011098
196.869389
193.210073
207.189301
148.316690
116.322866
96.043438
74.497159
76.302303
69.664997
94.803959
131.044143
128.991875
176.867783
183.302105
151.618510
172.390898
181.232397
258.235099
201.306519
195.800735
201.374269
196.753528
170.599009
196.949635
136.638133
178.591767
140.064324
142.845914
113.579158
126.920951
104.832403
114.136893
104.185769
136.652406
169.594699
163.751481
206.051504
221.481270
239.147903
196.798046
235.714503
246.507942
256.442975
258.784358
201.004479
192.946047
193.806957
201.660781
247.907842
248.334682
139.438981
149.059075
104.740008
89.822761
72.496590
85.378116
90.166630
101.557221
81.991697
123.341768
160.369534
189.094595
170.406917
182.313916
162.157333
151.397256
165.727529
145.131156
152.684805
168.229193
178.766873
158.336968
177.995726
175.123214
184.835800
183.190711
193.262161
221.382025
249.489230
227.574736
243.507280
238.956338
236.869813
226.299284
208.719538
199.000222
194.349676
172.707287
157.215912
161.638893
150.661724
143.049364
143.619424
135.352134
133.031895
150.646599
155.270337
147.219345
166.594768
172.775165
165.982809
200.796010
195.814295
189.872332
184.729423
196.532848
200.015696
204.872211
221.286744
242.304687
236.036741
262.525714
256.533732
273.740516
273.619878
300.164917
303.205874
287.924143
314.782861
325.418501
370.135778
398.344879
407.157170
421.089291
426.004779
414.914412
404.576883
402.768131
382.895165
374.524943
372.896190
370.992951
359.145503
346.322713
356.568476
338.605965
300.050222
321.527457
295.506160
301.279234
289.809001
292.685695
277.007446
257.068658
256.953725
255.521903
217.712377
210.882218
197.792714
193.671903
196.319263
185.612599
155.723754
150.993689
170.110520
179.197598
171.006091
180.208810
205.283800
215.684021
202.071035
197.369407
187.573600
141.927973
140.073168
132.462639
90.586898
90.342786
92.034981
89.225983
89.193125
98.664348
100.640691
127.333455
155.657780
160.128701
141.778332
166.418807
184.896965
191.084294
190.790422
232.647269
178.102550
209.731724
182.638669
176.428972
157.412857
140.597496
142.898088
114.688259
97.556832
87.673662
83.332358
85.574698
93.183306
77.228564
126.623643
115.012804
121.085925
164.911245
166.975253
174.281666
183.766355
207.552478
192.769056
195.922031
191.575951
182.528925
184.331481
169.810408
177.508221
161.618414
157.237287
156.911760
158.059848
152.318706
169.503285
154.122329
138.928444
127.199652
112.667272
111.597636
102.998136
101.718789
111.703244
101.557294
110.956471
106.764363
116.811829
126.211311
131.620650
132.442481
108.064428
100.049407
93.989832
89.689622
91.347899
94.627164
91.170555
80.139172
77.169914
77.876203
78.268603
81.676115
76.050099
81.163475
85.308537
90.326932
122.374153
123.773638
126.581914
139.619285
139.671136
140.721080
158.069829
187.474493
171.998394
196.999275
183.135943
182.072376
228.055377
221.284363
194.043178
204.285988
189.770370
175.775896
217.950691
207.580218
222.352124
192.498871
190.918818
211.143759
193.650394
165.312560
101.273553
77.621485
71.442050
72.619281
71.568414
72.032445
71.600370
75.332025
75.612846
80.309312
84.709965
106.305413
86.552177
102.486009
109.670193
94.724420
92.772313
89.388815
72.622241
78.786334
81.205794
73.320595
83.038264
79.143574
79.253975
77.174748
88.121158
77.642290
76.477927
68.627524
65.828372
69.786072
75.760468
67.003828
69.851782
68.111169
70.716956
70.387437
69.084089
71.016999
80.145882
79.521028
70.634802
77.704708
80.682221
82.333839
97.293007
109.012651
112.430222
126.834282
133.704317
147.806140
147.109686
149.645309
149.571188
152.662026
156.994063
147.779154
164.443885
143.349574
129.060720
147.404100
127.858476
133.434285
145.573050
144.482392
138.173839
139.100389
131.938934
146.476308
152.516384
174.207954
181.538855
201.994034
214.196695
210.367594
205.239074
197.593479
178.095850
167.329978
142.841853
146.186240
164.768167
157.191168
180.592487
155.580249
155.777917
144.912208
155.942435
143.567971
155.881893
143.606444
123.192317
117.449387
97.871313
91.990539
84.236079
85.368897
75.951321
73.912737
84.360433
75.620127
73.759652
83.242841
86.160880
94.062652
84.170050
91.747921
88.845700
97.602628
97.893905
95.608871
109.844154
108.429891
101.062457
94.295644
76.154610
80.587560
69.790444
75.794039
90.725265
101.515720
91.553728
88.213647
83.164860
86.059344
81.836622
82.816836
79.741280
86.636156
81.015015
78.840843
74.788885
71.366891
69.946720
77.238725
75.571051
80.047745
93.683105
113.392840
99.332293
115.583310
140.739974
118.460947
134.168510
126.978910
138.781559
186.058432
147.129209
133.640994
157.232318
152.165162
184.537548
161.117204
190.136196
201.242676
183.564302
212.912567
170.155995
104.768187
114.210149
109.365609
91.873824
87.870741
90.564435
74.623891
72.212054
73.227818
80.133332
97.795155
138.014706
151.556183
161.995085
191.029615
171.151706
195.202315
187.921635
189.852408
214.162386
211.337621
222.325031
192.075835
219.641444
192.831045
219.460958
213.923956
223.971803
253.694148
267.796642
255.892265
252.302250
257.204289
264.200040
262.269479
250.739686
247.105668
261.006125
264.512719
255.465991
249.463928
251.560557
260.967953
287.967497
298.660117
284.646514
276.668838
250.477644
228.065697
228.989438
224.547685
228.657394
210.693744
198.780753
186.722012
186.534582
215.360044
229.055149
237.542396
211.537274
181.170311
185.097103
180.735099
190.635980
193.065639
190.095154
218.375810
225.617100
259.709007
256.011468
251.664458
249.447449
244.556941
254.124996
256.021310
268.441716
251.449119
249.921419
256.454589
255.022277
270.729212
272.897941
296.652709
292.626379
308.319510
288.108390
262.725484
254.086679
256.700321
280.650959
292.007601
291.600514
292.142863
307.964913
324.500850
312.963185
310.954476
327.394896
325.332115
320.830074
336.443241
317.312898
331.557348
315.122554
313.534931
323.961299
335.421283
327.386423
319.865298
324.325393
312.594771
312.716315
329.121123
354.122176
355.369156
369.012439
357.729959
343.815485
350.522803
336.372276
347.578500
339.526082
345.016285
343.921711
350.083856
328.398220
355.028041
364.923097
371.730882
371.414940
384.512211
377.954527
377.591451
374.882803
352.291466
367.195158
358.134458
352.125450
332.414063
325.594580
335.902936
327.795839
327.682132
304.522031
342.644151
323.377372
311.540571
316.047986
313.221692
325.576844
341.023412
361.708712
366.175603
378.787907
387.196316
380.308269
374.286627
377.488222
373.965321
380.453697
376.897002
381.663755
381.800289
365.125283
390.111701
405.551302
412.180796
417.436572
431.843219
463.837166
456.985185
438.046896
425.548286
426.224316
436.863649
446.097041
445.972379
469.695127
466.894030
471.599177
475.588631
495.070960
506.848350
502.448021
484.178697
461.043605
442.696238
448.329882
449.511114
449.080233
450.609572
437.493958
444.751768
429.379378
432.598058
438.253112
451.644068
446.913548
465.677379
468.897122
459.258253
475.523275
470.396435
488.547328
468.805144
483.211425
469.503863
493.083740
490.087342
489.373392
483.329184
501.589507
515.163028
523.087359
508.115124
510.515576
551.059834
557.124151
540.043861
516.732783
519.775995
505.945361
516.605076
515.323317
516.880650
515.656162
501.670629
507.896110
523.510726
550.117337
554.477144
559.380433
584.379780
576.405734
590.041067
643.738345
656.653852
698.075768
725.817417
744.220219
754.688334
765.923721
762.600800
786.678534
784.004400
791.116553
779.859216
770.946219
769.661537
760.655803
738.620636
718.203097
716.792181
704.983537
695.140614
702.855874
682.668576
673.647166
687.683648
672.699885
662.020895
651.522369
649.983788
646.738048
649.074053
641.229497
642.453410
643.240199
634.796065
636.603674
630.233807
632.646886
626.130859
617.816246
618.501184
629.099946
627.377518
616.766710
614.787685
629.485918
637.623867
634.128336
639.757782
640.764311
639.197038
640.042581
646.864257
651.171237
663.349846
665.955026
668.734717
676.135976
680.053632
697.501227
701.279572
716.150393
698.229737
694.174046
687.149165
691.378225
701.280139
696.131818
690.580793
685.478208
688.768747
682.050834
682.321170
705.888154
682.587608
676.624644
668.360396
674.521268
686.272419
681.778320
709.558965
714.227375
708.550137
712.930820
708.951240
688.964666
676.192764
675.501657
664.750574
662.014827
651.257430
641.381980
639.523227
639.288902
640.792682
639.027633
650.035548
653.692070
664.687323
687.481185
687.557812
684.107532
662.627158
652.189232
658.466556
643.739473
642.974959
645.782964
650.310187
652.487289
659.234129
653.922898
671.638032
668.570858
673.132977
679.339696
685.922375
672.543861
667.444906
666.624577
673.743938
676.714364
658.077928
679.240148
665.790111
658.386666
653.128625
647.673918
643.302857
647.584446
635.649237
641.301960
648.063563
642.075790
668.492618
677.777981
676.054244
681.012929
673.494914
669.011280
659.663969
645.128280
648.795069
643.412217
636.834127
635.062114
620.805489
607.846666
586.271871
590.767700
612.301326
607.656761
601.136692
599.480942
597.783662
620.415786
613.510854
596.092208
591.264452
563.939458
563.928999
593.175876
597.129300
602.093508
597.412464
614.696178
613.543603
617.254045
616.752998
604.299166
584.414914
585.682125
541.899005
554.975222
557.134528
551.391924
563.789829
555.310729
562.404766
550.273449
563.069645
573.669903
592.349128
601.361327
574.436552
572.434856
583.337818
561.750207
536.881848
527.975459
490.633467
502.060563
508.735672
534.972071
555.166916
589.983229
609.363269
615.084803
635.616202
619.630989
616.423248
622.255953
622.265409
629.393098
633.676886
620.187566
596.750893
615.327296
625.134405
634.600838
618.472806
615.473688
627.502398
627.685486
630.239587
629.685424
631.703975
631.408975
621.442248
620.065550
624.092307
631.839143
612.076255
640.710460
639.589174
650.575661
662.068482
660.201871
665.458846
685.250622
684.637223
683.692847
678.336125
685.190553
684.737299
672.108435
675.821045
667.337774
666.715605
656.261737
645.283342
643.922794
641.450278
634.045172
642.119075
635.608622
629.768177
636.744714
635.758824
689.162963
694.511977
710.625579
706.089647
699.852484
714.509434
711.078347
721.681678
709.544743
721.904610
721.634166
711.997476
705.415521
696.619705
701.328033
677.273296
703.582983
693.920484
690.945953
694.184636
695.029503
695.538698
701.499586
701.400017
692.985741
663.604343
641.082928
652.635356
647.741679
611.230222
617.819833
619.986387
649.261887
634.759563
647.278175
646.341786
669.388496
652.910894
646.657233
655.293657
671.105217
668.115978
683.380418
679.417146
690.030329
683.366382
681.774195
688.929324
691.060921
678.279732
680.018460
696.255304
716.719812
720.863346
734.979179
735.921098
762.121886
738.814397
728.704526
718.831441
714.852700
708.881244
688.589445
685.051456
683.390375
681.506674
683.284908
665.283555
658.067278
655.566458
647.434598
646.076068
648.271088
649.376903
642.244866
641.543091
637.999212
636.990716
632.388138
634.512501
640.950657
643.440624
641.007381
638.037346
626.445387
628.585630
630.217780
644.807505
625.068295
640.783605
642.251817
631.072869
638.189028
635.761321
636.545736
640.536409
642.804616
633.842368
640.528832
630.982804
634.308431
636.984747
631.814715
623.612351
616.763768
592.034683
605.123963
608.332723
618.635864
617.809580
624.149900
620.205565
624.333983
626.440462
627.894306
615.818884
608.720520
598.331415
582.603662
577.514485
580.572439
579.403074
580.426600
566.917378
575.556093
580.577989
570.981780
572.249343
566.996727
536.744876
565.509404
571.320474
589.922530
577.663154
581.104273
588.937187
578.059579
578.799996
566.443889
555.928423
564.110246
541.255795
536.603926
546.858177
538.297088
525.568954
519.496443
505.712424
489.565811
495.104961
485.887408
481.054757
473.018129
471.000706
463.817199
447.235012
458.700714
438.067705
436.783597
412.125425
407.259914
393.668231
381.505058
377.186207
375.531847
383.523029
394.570805
421.027022
439.823333
443.675098
465.764153
459.615853
451.223343
466.409610
481.375437
481.000643
493.926464
490.949255
480.049520
449.750641
457.834780
443.889331
444.873319
449.943008
438.883145
430.157876
423.773923
415.739238
405.964241
390.721155
384.600470
381.258524
365.839179
357.999617
372.601821
350.924072
345.466020
344.835842
351.643973
366.895032
387.569794
385.940338
374.503089
359.484868
374.274353
386.863025
410.899994
424.424190
430.262613
447.395233
452.562869
460.963519
449.911393
445.168700
441.691593
479.448337
494.325987
480.471209
484.025050
479.650171
506.588022
481.699768
495.165605
473.450412
452.922493
435.800595
423.565303
409.143753
398.584630
380.364041
373.159497
359.398907
340.342848
332.235253
343.398400
340.045212
341.791897
327.804668
351.169236
359.573696
359.613479
355.744538
362.706621
393.832565
397.191115
414.235364
415.851467
418.593347
415.800225
414.880675
420.955020
429.424698
422.009225
411.463484
410.186717
400.106536
404.010590
412.910051
404.416574
407.635498
413.820513
402.926683
412.385137
402.778326
401.766836
396.545906
393.458684
376.088995
373.855416
357.444905
337.528187
335.868509
314.936424
343.847906
322.279958
308.296828
329.914017
354.591238
345.982170
341.428925
352.375607
318.245345
319.795107
278.792037
301.596414
310.243614
317.783894
333.690784
338.135475
329.909762
343.466193
357.949100
356.448124
334.568538
330.931062
347.286358
332.682631
310.881818
301.999865
285.376162
249.384934
209.833573
203.330485
191.765069
213.722551
224.098679
199.753954
188.649570
180.539297
183.880333
189.003610
181.126673
185.312165
173.132589
187.043256
163.705692
175.242543
168.013015
171.443292
182.062463
182.099882
144.437388
133.300162
114.331215
124.290098
124.907983
108.531693
124.615164
119.396521
152.343696
148.398686
139.754141
134.876169
137.860109
155.087425
133.659286
160.004408
173.250211
176.659216
182.539800
191.269268
199.098882
205.943259
178.746400
190.602833
162.135218
154.678591
175.496974
181.264521
191.667752
169.285858
176.829965
170.173405
188.394668
177.269394
175.167297
185.671273
200.435311
198.815576
195.158911
219.125094
198.998382
202.359775
205.784627
221.665045
255.447198
242.973919
258.625419
251.386064
231.606621
224.075136
218.444551
214.729396
206.274930
217.496659
219.229020
214.226411
219.010843
216.516722
211.455358
229.291810
211.263106
206.505362
204.692426
178.190508
169.162980
168.622739
172.711353
156.631331
147.769024
165.719022
145.430644
123.075893
125.022677
110.730618
115.490402
102.642227
100.703833
101.700998
86.664305
106.353941
99.094265
111.871113
117.293815
106.773247
95.673179
93.971644
72.405376
85.331670
82.913776
103.959041
95.276700
102.489674
121.428550
139.125828
165.078850
160.617437
177.906705
174.920958
204.342462
216.746036
259.234455
276.912289
272.222874
237.700601
183.617235
200.443942
220.710956
221.521451
219.836508
159.149760
137.611533
127.755786
110.397197
142.542999
86.463669
98.072449
85.572762
86.723252
79.402639
68.620336
72.398991
67.370483
75.141285
114.240641
105.591623
86.625523
105.947727
118.973798
114.769537
120.876020
122.667487
114.164128
101.562214
96.914581
80.501746
79.548946
83.633735
69.122879
71.345436
92.638816
118.640087
154.229923
137.685471
143.776726
141.892022
159.808560
153.175787
167.925254
157.520091
173.248511
143.177840
136.506406
133.028893
102.964961
76.124275
71.775253
71.066124
81.155594
82.558905
123.207660
119.222239
130.166162
117.808867
136.325418
130.091919
128.795935
98.428608
75.423950
91.958837
70.685925
74.549268
70.372302
70.746362
69.832959
72.310533
83.629576
93.456789
81.881618
88.003586
94.009035
91.405001
97.840809
118.962506
125.510632
139.603820
125.493059
112.016006
115.425634
105.769934
95.112774
103.387183
119.636983
130.097868
138.494679
144.888062
159.057964
185.410451
181.289805
191.031458
213.879713
220.811022
229.598107
211.335991
199.028379
202.164689
215.168740
214.414122
220.648713
275.367630
314.604523
310.378331
292.510357
294.524412
299.400363
306.818532
294.977452
290.378733
259.848391
267.647686
286.538803
257.959681
248.980656
244.356631
233.824764
259.159634
241.441013
243.317691
233.282664
213.677241
223.854156
192.783808
225.685706
203.543042
234.136874
240.706498
261.673213
272.990457
266.205684
301.031865
312.648842
302.588061
298.934324
330.705121
314.363505
323.215517
313.256736
318.418378
294.090988
317.240173
314.208960
276.456449
291.759672
299.236370
292.128283
275.469472
307.725463
276.126696
261.175057
265.077327
225.038127
219.248948
220.546806
208.011098
196.869389
193.210073
207.189301
148.316690
116.322866
96.043438
74.497159
76.302303
69.664997
94.803959
131.044143
128.991875
176.867783
183.302105
151.618510
172.390898
181.232397
258.235099
201.306519
195.800735
201.374269
196.753528
170.599009
196.949635
136.638133
178.591767
140.064324
142.845914
113.579158
126.920951
104.832403
114.136893
104.185769
136.652406
169.594699
163.751481
206.051504
221.481270
239.147903
196.798046
235.714503
246.507942
256.442975
258.784358
201.004479
192.946047
193.806957
201.660781
247.907842
248.334682
139.438981
149.059075
104.740008
89.822761
72.496590
85.378116
90.166630
101.557221
81.991697
123.341768
160.369534
189.094595
170.406917
182.313916
162.157333
151.397256
165.727529
145.131156
152.684805
168.229193
178.766873
158.336968
177.995726
175.123214
184.835800
183.190711
193.262161
221.382025
249.489230
227.574736
243.507280
238.956338
236.869813
226.299284
208.719538
199.000222
194.349676
172.707287
157.215912
161.638893
150.661724
143.049364
143.619424
135.352134
133.031895
150.646599
155.270337
147.219345
166.594768
172.775165
165.982809
200.796010
195.814295
189.872332
184.729423
196.532848
200.015696
204.872211
221.286744
242.304687
236.036741
262.525714
256.533732
273.740516
273.619878
300.164917
303.205874
287.924143
314.782861
325.418501
370.135778
398.344879
407.157170
421.089291
426.004779
414.914412
404.576883
402.768131
382.895165
374.524943
372.896190
370.992951
359.145503
346.322713
356.568476
338.605965
300.050222
321.527457
295.506160
301.279234
289.809001
292.685695
277.007446
257.068658
256.953725
255.521903
217.712377
210.882218
197.792714
193.671903
196.319263
185.612599
155.723754
150.993689
170.110520
179.197598
171.006091
180.208810
205.283800
215.684021
202.071035
197.369407
187.573600
141.927973
140.073168
132.462639
90.586898
90.342786
92.034981
89.225983
89.193125
98.664348
100.640691
127.333455
155.657780
160.128701
141.778332
166.418807
184.896965
191.084294
190.790422
232.647269
178.102550
209.731724
182.638669
176.428972
157.412857
140.597496
142.898088
114.688259
97.556832
87.673662
83.332358
85.574698
93.183306
77.228564
126.623643
115.012804
121.085925
164.911245
166.975253
174.281666
183.766355
207.552478
192.769056
195.922031
191.575951
182.528925
184.331481
169.810408
177.508221
161.618414
157.237287
156.911760
158.059848
152.318706
169.503285
154.122329
138.928444
127.199652
112.667272
111.597636
102.998136
101.718789
111.703244
101.557294
110.956471
106.764363
116.811829
126.211311
131.620650
132.442481
108.064428
100.049407
93.989832
89.689622
91.347899
94.627164
91.170555
80.139172
77.169914
77.876203
78.268603
81.676115
76.050099
81.163475
85.308537
90.326932
122.374153
123.773638
126.581914
139.619285
139.671136
140.721080
158.069829
187.474493
171.998394
196.999275
183.135943
182.072376
228.055377
221.284363
194.043178
204.285988
189.770370
175.775896
217.950691
207.580218
222.352124
192.498871
190.918818
211.143759
193.650394
165.312560
101.273553
77.621485
71.442050
72.619281
71.568414
72.032445
71.600370
75.332025
75.612846
80.309312
84.709965
106.305413
86.552177
102.486009
109.670193
94.724420
92.772313
89.388815
72.622241
78.786334
81.205794
73.320595
83.038264
79.143574
79.253975
77.174748
88.121158
77.642290
76.477927
68.627524
65.828372
69.786072
75.760468
67.003828
69.851782
68.111169
70.716956
70.387437
69.084089
71.016999
80.145882
79.521028
70.634802
77.704708
80.682221
82.333839
97.293007
109.012651
112.430222
126.834282
133.704317
147.806140
147.109686
149.645309
149.571188
152.662026
156.994063
147.779154
164.443885
143.349574
129.060720
147.404100
127.858476
133.434285
145.573050
144.482392
138.173839
139.100389
131.938934
146.476308
152.516384
174.207954
181.538855
201.994034
214.196695
210.367594
205.239074
197.593479
178.095850
167.329978
142.841853
146.186240
164.768167
157.191168
180.592487
155.580249
155.777917
144.912208
155.942435
143.567971
155.881893
143.606444
123.192317
117.449387
97.871313
91.990539
84.236079
85.368897
75.951321
73.912737
84.360433
75.620127
73.759652
83.242841
86.160880
94.062652
84.170050
91.747921
88.845700
97.602628
97.893905
95.608871
109.844154
108.429891
101.062457
94.295644
76.154610
80.587560
69.790444
75.794039
90.725265
101.515720
91.553728
88.213647
83.164860
86.059344
81.836622
82.816836
79.741280
86.636156
81.015015
78.840843
74.788885
71.366891
69.946720
77.238725
75.571051
80.047745
93.683105
113.392840
99.332293
115.583310
140.739974
118.460947
134.168510
126.978910
138.781559
186.058432
147.129209
133.640994
157.232318
152.165162
184.537548
161.117204
190.136196
201.242676
183.564302
212.912567
170.155995
104.768187
114.210149
109.365609
91.873824
87.870741
90.564435
74.623891
72.212054
73.227818
80.133332
97.795155
138.014706
151.556183
161.995085
191.029615
171.151706
195.202315
187.921635
189.852408
214.162386
211.337621
222.325031
192.075835
219.641444
192.831045
219.460958
213.923956
223.971803
253.694148
267.796642
255.892265
252.302250
257.204289
264.200040
262.269479
250.739686
247.105668
261.006125
264.512719
255.465991
249.463928
251.560557
260.967953
287.967497
298.660117
284.646514
276.668838
250.477644
228.065697
228.989438
224.547685
228.657394
210.693744
198.780753
186.722012
186.534582
215.360044
229.055149
237.542396
211.537274
181.170311
185.097103
180.735099
190.635980
193.065639
190.095154
218.375810
225.617100
259.709007
256.011468
251.664458
249.447449
244.556941
254.124996
256.021310
268.441716
251.449119
249.921419
256.454589
255.022277
270.729212
272.897941
296.652709
292.626379
308.319510
288.108390
262.725484
254.086679
256.700321
280.650959
292.007601
291.600514
292.142863
307.964913
324.500850
312.963185
310.954476
327.394896
325.332115
320.830074
336.443241
317.312898
331.557348
315.122554
313.534931
323.961299
335.421283
327.386423
319.865298
324.325393
312.594771
312.716315
329.121123
354.122176
355.369156
369.012439
357.729959
343.815485
350.522803
336.372276
347.578500
339.526082
345.016285
343.921711
350.083856
328.398220
355.028041
364.923097
371.730882
371.414940
384.512211
377.954527
377.591451
374.882803
352.291466
367.195158
358.134458
352.125450
332.414063
325.594580
335.902936
327.795839
327.682132
304.522031
342.644151
323.377372
311.540571
316.047986
313.221692
325.576844
341.023412
361.708712
366.175603
378.787907
387.196316
380.308269
374.286627
377.488222
373.965321
380.453697
376.897002
381.663755
381.800289
365.125283
390.111701
405.551302
412.180796
417.436572
431.843219
463.837166
456.985185
438.046896
425.548286
426.224316
436.863649
446.097041
445.972379
469.695127
466.894030
471.599177
475.588631
495.070960
506.848350
502.448021
484.178697
461.043605
442.696238
448.329882
449.511114
449.080233
450.609572
437.493958
444.751768
429.379378
432.598058
438.253112
451.644068
446.913548
465.677379
468.897122
459.258253
475.523275
470.396435
488.547328
468.805144
483.211425
469.503863
493.083740
490.087342
489.373392
483.329184
501.589507
515.163028
523.087359
508.115124
510.515576
551.059834
557.124151
540.043861
516.732783
519.775995
505.945361
516.605076
515.323317
516.880650
515.656162
501.670629
507.896110
523.510726
550.117337
554.477144
559.380433
584.379780
576.405734
590.041067
643.738345
656.653852
698.075768
725.817417
744.220219
754.688334
765.923721
762.600800
786.678534
784.004400
791.116553
779.859216
770.946219
769.661537
760.655803
738.620636
718.203097
716.792181
704.983537
695.140614
702.855874
682.668576
673.647166
687.683648
672.699885
662.020895
651.522369
649.983788
646.738048
649.074053
641.229497
642.453410
643.240199
634.796065
636.603674
630.233807
632.646886
626.130859
617.816246
618.501184
629.099946
627.377518
616.766710
614.787685
629.485918
637.623867
634.128336
639.757782
640.764311
639.197038
640.042581
646.864257
651.171237
663.349846
665.955026
668.734717
676.135976
680.053632
697.501227
701.279572
716.150393
698.229737
694.174046
687.149165
691.378225
701.280139
696.131818
690.580793
685.478208
688.768747
682.050834
682.321170
705.888154
682.587608
676.624644
668.360396
674.521268
686.272419
681.778320
709.558965
714.227375
708.550137
712.930820
708.951240
688.964666
676.192764
675.501657
664.750574
662.014827
651.257430
641.381980
639.523227
639.288902
640.792682
639.027633
650.035548
653.692070
664.687323
687.481185
687.557812
684.107532
662.627158
652.189232
658.466556
643.739473
642.974959
645.782964
650.310187
652.487289
659.234129
653.922898
671.638032
668.570858
673.132977
679.339696
685.922375
672.543861
667.444906
666.624577
673.743938
676.714364
658.077928
679.240148
665.790111
658.386666
653.128625
647.673918
643.302857
647.584446
635.649237
641.301960
648.063563
642.075790
668.492618
677.777981
676.054244
681.012929
673.494914
669.011280
659.663969
645.128280
648.795069
643.412217
636.834127
635.062114
620.805489
607.846666
586.271871
590.767700
612.301326
607.656761
601.136692
599.480942
597.783662
620.415786
613.510854
596.092208
591.264452
563.939458
563.928999
593.175876
597.129300
602.093508
597.412464
614.696178
613.543603
617.254045
616.752998
604.299166
584.414914
585.682125
541.899005
554.975222
557.134528
551.391924
563.789829
555.310729
562.404766
550.273449
563.069645
573.669903
592.349128
601.361327
574.436552
572.434856
583.337818
561.750207
536.881848
527.975459
490.633467
502.060563
508.735672
534.972071
555.166916
589.983229
609.363269
615.084803
635.616202
619.630989
616.423248
622.255953
622.265409
629.393098
633.676886
620.187566
596.750893
615.327296
625.134405
634.600838
618.472806
615.473688
627.502398
627.685486
630.239587
629.685424
631.703975
631.408975
621.442248
620.065550
624.092307
631.839143
612.076255
640.710460
639.589174
650.575661
662.068482
660.201871
665.458846
685.250622
684.637223
683.692847
678.336125
685.190553
684.737299
672.108435
675.821045
667.337774
666.715605
656.261737
645.283342
643.922794
641.450278
634.045172
642.119075
635.608622
629.768177
636.744714
635.758824
635.333289
642.026320
659.495287
686.161218
694.440178
722.507413
728.619321
736.718713
722.689917
719.490817
695.445382
681.079415
673.710395
687.548056
667.548131
684.987613
671.053674
678.475031
673.244141
667.498207
655.918745
655.308002
652.392457
649.409823
645.147686
650.365645
641.728685
634.091395
636.142267
634.793870
625.821862
631.503550
620.919038
618.973105
595.030751
611.243236
604.629724
627.449025
638.808377
648.400684
657.903244
686.679529
683.363400
693.409276
709.837303
729.174028
753.831646
766.348250
785.829957
799.702351
804.253906
805.676943
776.030195
794.039084
786.781665
763.255563
761.948851
758.817627
751.734428
756.995639
755.382941
746.240200
737.324068
762.899962
748.506047
738.144601
755.788067
743.439081
735.981075
706.571709
732.570544
720.785514
714.288991
711.424587
702.046067
688.042643
703.290019
703.787680
708.576729
701.810954
670.855401
650.628403
647.563290
662.060020
635.910273
633.340915
636.843673
646.582210
672.201036
676.269376
678.375690
688.963177
712.524189
713.735569
700.364292
719.176171
718.882129
713.915202
730.769874
746.182526
738.122535
743.503602
747.128447
748.449720
742.855174
738.291117
731.116385
733.643136
726.216695
731.579309
740.781354
732.953741
741.219079
762.859002
751.695915
741.365202
745.451017
779.628040
767.715319
788.438438
782.712035
781.556544
757.329147
739.202455
736.922970
739.065444
733.129764
724.645980
719.328137
723.837650
727.438892
701.981157
705.438719
705.351500
698.552709
696.075774
690.609980
704.613175
686.534928
682.090567
708.726371
675.548454
672.462662
665.687082
694.324045
698.098943
718.633957
738.118554
749.751896
758.591583
748.256890
774.821035
763.443622
746.149795
739.930678
745.792959
746.179493
747.434614
745.782259
738.335451
725.766307
758.989753
757.367488
772.612751
768.795817
769.493564
770.462921
754.042716
750.817402
736.273609
730.044804
736.968602
692.939092
721.316210
738.207203
718.835940
710.861597
724.604507
723.792840
722.359186
733.904675
708.810523
701.871487
709.428919
682.798738
675.460298
662.206142
650.855972
645.410429
636.048332
634.801845
624.458770
624.546749
623.022522
620.322917
626.086559
617.513251
632.065253
607.706276
588.903574
575.756499
592.452973
597.360729
589.920510
606.934849
615.646130
601.941174
612.812915
600.062067
608.356904
609.203030
610.525109
593.574552
588.815788
593.193101
596.262489
567.286380
593.795294
606.919086
605.275295
614.858152
607.185765
602.276275
617.671378
619.434372
623.180582
635.686537
635.246643
612.209379
640.626641
629.205528
617.882796
613.297563
620.603862
594.649453
592.607187
595.756071
582.429892
570.722140
551.424175
566.236803
519.612992
516.631189
505.760263
507.051166
513.457148
509.470848
496.004893
488.234818
476.364178
487.227898
496.665043
491.301731
486.527394
500.338496
500.800800
513.077340
497.667024
510.049910
535.121447
499.256274
494.157966
508.847383
490.318078
481.578435
485.425149
470.608852
454.076879
462.921151
483.935375
522.708626
517.521084
539.927402
521.888838
515.831756
553.942462
595.576565
621.341626
610.153453
629.012225
633.292886
640.228511
653.389016
665.514549
650.372829
641.479033
639.447684
645.679037
649.147856
650.141141
660.408977
672.122821
700.184627
730.665828
739.896136
749.176059
759.462004
765.262033
797.513182
771.679825
761.805682
741.426232
751.834185
723.755677
743.437899
727.666518
711.476595
714.301987
747.906831
741.410623
738.922295
711.907314
722.941674
692.488456
689.487612
677.601725
660.850463
678.590922
663.833565
668.417317
667.266042
676.810508
661.370800
651.714938
646.663117
640.843229
632.867750
618.094829
612.511251
604.158591
615.310893
607.606372
584.528979
584.780131
570.350383
578.226312
570.725614
548.338726
552.422009
544.163481
556.769544
561.599245
561.620794
564.447319
568.686359
543.487659
530.941211
528.836098
509.335339
521.273524
522.058356
524.556192
523.766806
537.924184
523.059853
528.291184
536.847439
505.805788
534.111611
501.505684
531.110180
511.556601
527.218537
574.074801
577.373944
572.205619
593.373698
594.490023
593.633183
575.622408
554.689015
531.603575
522.220468
546.619283
530.640863
523.088693
539.279692
537.707735
527.878928
487.892417
501.877090
484.556480
492.222953
481.226679
481.171814
479.347685
452.347794
459.501950
457.634553
481.037282
449.778440
441.935088
442.995460
435.704302
435.284649
432.939054
445.239375
426.353567
434.283688
425.342766
422.696047
408.479168
408.321614
402.265067
400.696784
396.467679
391.762719
395.199395
395.708374
385.552106
378.037498
375.528296
371.440034
371.651612
372.491877
371.771471
365.038460
354.675974
376.085650
376.034009
340.703010
346.280694
357.041453
366.282970
371.288416
363.914855
379.099222
386.569838
394.095656
411.730479
422.815055
433.389669
434.357384
427.007777
424.748060
439.252394
451.168369
445.260381
444.075948
448.215598
434.461557
461.717874
450.668733
474.264633
474.933075
487.809769
503.159559
504.941678
468.275933
510.373850
508.381881
518.667645
537.479001
523.086144
539.004026
544.021356
562.649872
550.852117
541.677926
570.457899
571.159225
612.534901
610.167686
635.187934
655.121717
677.871524
691.626905
730.045117
713.582932
727.634896
740.238121
743.692754
749.986485
760.789813
756.600773
741.824335
730.001282
723.376706
714.460293
706.487296
691.666753
676.172573
675.153142
662.645802
646.178013
650.958770
644.714423
632.515530
629.484103
621.600711
603.255892
556.179263
567.226941
566.312496
557.893270
546.612405
553.168591
566.828320
571.493767
584.208678
689.162963
694.511977
710.625579
706.089647
699.852484
714.509434
711.078347
721.681678
709.544743
721.904610
721.634166
711.997476
705.415521
696.619705
701.328033
677.273296
703.582983
693.920484
690.945953
694.184636
695.029503
695.538698
701.499586
701.400017
692.985741
663.604343
641.082928
652.635356
647.741679
611.230222
617.819833
619.986387
649.261887
634.759563
647.278175
646.341786
669.388496
652.910894
646.657233
655.293657
671.105217
668.115978
683.380418
679.417146
690.030329
683.366382
681.774195
688.929324
691.060921
678.279732
680.018460
696.255304
716.719812
720.863346
734.979179
735.921098
762.121886
738.814397
728.704526
718.831441
714.852700
708.881244
688.589445
685.051456
683.390375
681.506674
683.284908
665.283555
658.067278
655.566458
647.434598
646.076068
648.271088
649.376903
642.244866
641.543091
637.999212
636.990716
632.388138
634.512501
640.950657
643.440624
641.007381
638.037346
626.445387
628.585630
630.217780
644.807505
625.068295
640.783605
642.251817
631.072869
638.189028
635.761321
636.545736
640.536409
642.804616
633.842368
640.528832
630.982804
634.308431
636.984747
631.814715
623.612351
616.763768
592.034683
605.123963
608.332723
618.635864
617.809580
624.149900
620.205565
624.333983
626.440462
627.894306
615.818884
608.720520
598.331415
582.603662
577.514485
580.572439
579.403074
580.426600
566.917378
575.556093
580.577989
570.981780
572.249343
566.996727
536.744876
565.509404
571.320474
589.922530
577.663154
581.104273
588.937187
578.059579
578.799996
566.443889
555.928423
564.110246
541.255795
536.603926
546.858177
538.297088
525.568954
519.496443
505.712424
489.565811
495.104961
485.887408
481.054757
473.018129
471.000706
463.817199
447.235012
458.700714
438.067705
436.783597
412.125425
407.259914
393.668231
381.505058
377.186207
375.531847
383.523029
394.570805
421.027022
439.823333
443.675098
465.764153
459.615853
451.223343
466.409610
481.375437
481.000643
493.926464
490.949255
480.049520
449.750641
457.834780
443.889331
444.873319
449.943008
438.883145
430.157876
423.773923
415.739238
405.964241
390.721155
384.600470
381.258524
365.839179
357.999617
372.601821
350.924072
345.466020
344.835842
351.643973
366.895032
387.569794
385.940338
374.503089
359.484868
374.274353
386.863025
410.899994
424.424190
430.262613
447.395233
452.562869
460.963519
449.911393
445.168700
441.691593
479.448337
494.325987
480.471209
484.025050
479.650171
506.588022
481.699768
495.165605
473.450412
452.922493
435.800595
423.565303
409.143753
398.584630
380.364041
373.159497
359.398907
340.342848
332.235253
343.398400
340.045212
341.791897
327.804668
351.169236
359.573696
359.613479
355.744538
362.706621
393.832565
397.191115
414.235364
415.851467
418.593347
415.800225
414.880675
420.955020
429.424698
422.009225
411.463484
410.186717
400.106536
404.010590
412.910051
404.416574
407.635498
413.820513
402.926683
412.385137
402.778326
401.766836
396.545906
393.458684
376.088995
373.855416
357.444905
337.528187
335.868509
314.936424
343.847906
322.279958
308.296828
329.914017
354.591238
345.982170
341.428925
352.375607
318.245345
319.795107
278.792037
301.596414
310.243614
317.783894
333.690784
338.135475
329.909762
343.466193
357.949100
356.448124
334.568538
330.931062
347.286358
332.682631
310.881818
301.999865
285.376162
249.384934
209.833573
203.330485
191.765069
213.722551
224.098679
199.753954
188.649570
180.539297
183.880333
189.003610
181.126673
185.312165
173.132589
187.043256
163.705692
175.242543
168.013015
171.443292
182.062463
182.099882
144.437388
133.300162
114.331215
124.290098
124.907983
108.531693
124.615164
119.396521
152.343696
148.398686
139.754141
134.876169
137.860109
155.087425
133.659286
160.004408
173.250211
176.659216
182.539800
191.269268
199.098882
205.943259
178.746400
190.602833
162.135218
154.678591
175.496974
181.264521
191.667752
169.285858
176.829965
170.173405
188.394668
177.269394
175.167297
185.671273
200.435311
198.815576
195.158911
219.125094
198.998382
202.359775
205.784627
221.665045
255.447198
242.973919
258.625419
251.386064
231.606621
224.075136
218.444551
214.729396
206.274930
217.496659
219.229020
214.226411
219.010843
216.516722
211.455358
229.291810
211.263106
206.505362
204.692426
178.190508
169.162980
168.622739
172.711353
156.631331
147.769024
165.719022
145.430644
123.075893
125.022677
110.730618
115.490402
102.642227
100.703833
101.700998
86.664305
106.353941
99.094265
111.871113
117.293815
106.773247
95.673179
93.971644
72.405376
85.331670
82.913776
103.959041
95.276700
102.489674
121.428550
139.125828
165.078850
160.617437
177.906705
174.920958
204.342462
216.746036
259.234455
276.912289
272.222874
237.700601
183.617235
200.443942
220.710956
221.521451
219.836508
159.149760
137.611533
127.755786
110.397197
142.542999
86.463669
98.072449
85.572762
86.723252
79.402639
68.620336
72.398991
67.370483
75.141285
114.240641
105.591623
86.625523
105.947727
118.973798
114.769537
120.876020
122.667487
114.164128
101.562214
96.914581
80.501746
79.548946
83.633735
69.122879
71.345436
92.638816
118.640087
154.229923
137.685471
143.776726
141.892022
159.808560
153.175787
167.925254
157.520091
173.248511
143.177840
136.506406
133.028893
102.964961
76.124275
71.775253
71.066124
81.155594
82.558905
123.207660
119.222239
130.166162
117.808867
136.325418
130.091919
128.795935
98.428608
75.423950
91.958837
70.685925
74.549268
70.372302
70.746362
69.832959
72.310533
83.629576
93.456789
81.881618
88.003586
94.009035
91.405001
97.840809
118.962506
125.510632
139.603820
125.493059
112.016006
115.425634
105.769934
95.112774
103.387183
119.636983
130.097868
138.494679
144.888062
159.057964
185.410451
181.289805
191.031458
213.879713
220.811022
229.598107
211.335991
199.028379
202.164689
215.168740
214.414122
220.648713
275.367630
314.604523
310.378331
292.510357
294.524412
299.400363
306.818532
294.977452
290.378733
259.848391
267.647686
286.538803
257.959681
248.980656
244.356631
233.824764
259.159634
241.441013
243.317691
233.282664
213.677241
223.854156
192.783808
225.685706
203.543042
234.136874
240.706498
261.673213
272.990457
266.205684
301.031865
312.648842
302.588061
298.934324
330.705121
314.363505
323.215517
313.256736
318.418378
294.090988
317.240173
314.208960
276.456449
291.759672
299.236370
292.128283
275.469472
307.725463
276.126696
261.175057
265.077327
225.038127
219.248948
220.546806
208.011098
196.869389
193.210073
207.189301
148.316690
116.322866
96.043438
74.497159
76.302303
69.664997
94.803959
131.044143
128.991875
176.867783
183.302105
151.618510
172.390898
181.232397
258.235099
201.306519
195.800735
201.374269
196.753528
170.599009
196.949635
136.638133
178.591767
140.064324
142.845914
113.579158
126.920951
104.832403
114.136893
104.185769
136.652406
169.594699
163.751481
206.051504
221.481270
239.147903
196.798046
235.714503
246.507942
256.442975
258.784358
201.004479
192.946047
193.806957
201.660781
247.907842
248.334682
139.438981
149.059075
104.740008
89.822761
72.496590
85.378116
90.166630
101.557221
81.991697
123.341768
160.369534
189.094595
170.406917
182.313916
162.157333
151.397256
165.727529
145.131156
152.684805
168.229193
178.766873
158.336968
177.995726
175.123214
184.835800
183.190711
193.262161
221.382025
249.489230
227.574736
243.507280
238.956338
236.869813
226.299284
208.719538
199.000222
194.349676
172.707287
157.215912
161.638893
150.661724
143.049364
143.619424
135.352134
133.031895
150.646599
155.270337
147.219345
166.594768
172.775165
165.982809
200.796010
195.814295
189.872332
184.729423
196.532848
200.015696
204.872211
221.286744
242.304687
236.036741
262.525714
256.533732
273.740516
273.619878
300.164917
303.205874
287.924143
314.782861
325.418501
370.135778
398.344879
407.157170
421.089291
426.004779
414.914412
404.576883
402.768131
382.895165
374.524943
372.896190
370.992951
359.145503
346.322713
356.568476
338.605965
300.050222
321.527457
295.506160
301.279234
289.809001
292.685695
277.007446
257.068658
256.953725
255.521903
217.712377
210.882218
197.792714
193.671903
196.319263
185.612599
155.723754
150.993689
170.110520
179.197598
171.006091
180.208810
205.283800
215.684021
202.071035
197.369407
187.573600
141.927973
140.073168
132.462639
90.586898
90.342786
92.034981
89.225983
89.193125
98.664348
100.640691
127.333455
155.657780
160.128701
141.778332
166.418807
184.896965
191.084294
190.790422
232.647269
178.102550
209.731724
182.638669
176.428972
157.412857
140.597496
142.898088
114.688259
97.556832
87.673662
83.332358
85.574698
93.183306
77.228564
126.623643
115.012804
121.085925
164.911245
166.975253
174.281666
183.766355
207.552478
192.769056
195.922031
191.575951
182.528925
184.331481
169.810408
177.508221
161.618414
157.237287
156.911760
158.059848
152.318706
169.503285
154.122329
138.928444
127.199652
112.667272
111.597636
102.998136
101.718789
111.703244
101.557294
110.956471
106.764363
116.811829
126.211311
131.620650
132.442481
108.064428
100.049407
93.989832
89.689622
91.347899
94.627164
91.170555
80.139172
77.169914
77.876203
78.268603
81.676115
76.050099
81.163475
85.308537
90.326932
122.374153
123.773638
126.581914
139.619285
139.671136
140.721080
158.069829
187.474493
171.998394
196.999275
183.135943
182.072376
228.055377
221.284363
194.043178
204.285988
189.770370
175.775896
217.950691
207.580218
222.352124
192.498871
190.918818
211.143759
193.650394
165.312560
101.273553
77.621485
71.442050
72.619281
71.568414
72.032445
71.600370
75.332025
75.612846
80.309312
84.709965
106.305413
86.552177
102.486009
109.670193
94.724420
92.772313
89.388815
72.622241
78.786334
81.205794
73.320595
83.038264
79.143574
79.253975
77.174748
88.121158
77.642290
76.477927
68.627524
65.828372
69.786072
75.760468
67.003828
69.851782
68.111169
70.716956
70.387437
69.084089
71.016999
80.145882
79.521028
70.634802
77.704708
80.682221
82.333839
97.293007
109.012651
112.430222
126.834282
133.704317
147.806140
147.109686
149.645309
149.571188
152.662026
156.994063
147.779154
164.443885
143.349574
129.060720
147.404100
127.858476
133.434285
145.573050
144.482392
138.173839
139.100389
131.938934
146.476308
152.516384
174.207954
181.538855
201.994034
214.196695
210.367594
205.239074
197.593479
178.095850
167.329978
142.841853
146.186240
164.768167
157.191168
180.592487
155.580249
155.777917
144.912208
155.942435
143.567971
155.881893
143.606444
123.192317
117.449387
97.871313
91.990539
84.236079
85.368897
75.951321
73.912737
84.360433
75.620127
73.759652
83.242841
86.160880
94.062652
84.170050
91.747921
88.845700
97.602628
97.893905
95.608871
109.844154
108.429891
101.062457
94.295644
76.154610
80.587560
69.790444
75.794039
90.725265
101.515720
91.553728
88.213647
83.164860
86.059344
81.836622
82.816836
79.741280
86.636156
81.015015
78.840843
74.788885
71.366891
69.946720
77.238725
75.571051
80.047745
93.683105
113.392840
99.332293
115.583310
140.739974
118.460947
134.168510
126.978910
138.781559
186.058432
147.129209
133.640994
157.232318
152.165162
184.537548
161.117204
190.136196
201.242676
183.564302
212.912567
170.155995
104.768187
114.210149
109.365609
91.873824
87.870741
90.564435
74.623891
72.212054
73.227818
80.133332
97.795155
138.014706
151.556183
161.995085
191.029615
171.151706
195.202315
187.921635
189.852408
214.162386
211.337621
222.325031
192.075835
219.641444
192.831045
219.460958
213.923956
223.971803
253.694148
267.796642
255.892265
252.302250
257.204289
264.200040
262.269479
250.739686
247.105668
261.006125
264.512719
255.465991
249.463928
251.560557
260.967953
287.967497
298.660117
284.646514
276.668838
250.477644
228.065697
228.989438
224.547685
228.657394
210.693744
198.780753
186.722012
186.534582
215.360044
229.055149
237.542396
211.537274
181.170311
185.097103
180.735099
190.635980
193.065639
190.095154
218.375810
225.617100
259.709007
256.011468
251.664458
249.447449
244.556941
254.124996
256.021310
268.441716
251.449119
249.921419
256.454589
255.022277
270.729212
272.897941
296.652709
292.626379
308.319510
288.108390
262.725484
254.086679
256.700321
280.650959
292.007601
291.600514
292.142863
307.964913
324.500850
312.963185
310.954476
327.394896
325.332115
320.830074
336.443241
317.312898
331.557348
315.122554
313.534931
323.961299
335.421283
327.386423
319.865298
324.325393
312.594771
312.716315
329.121123
354.122176
355.369156
369.012439
357.729959
343.815485
350.522803
336.372276
347.578500
339.526082
345.016285
343.921711
350.083856
328.398220
355.028041
364.923097
371.730882
371.414940
384.512211
377.954527
377.591451
374.882803
352.291466
367.195158
358.134458
352.125450
332.414063
325.594580
335.902936
327.795839
327.682132
304.522031
342.644151
323.377372
311.540571
316.047986
313.221692
325.576844
341.023412
361.708712
366.175603
378.787907
387.196316
380.308269
374.286627
377.488222
373.965321
380.453697
376.897002
381.663755
381.800289
365.125283
390.111701
405.551302
412.180796
417.436572
431.843219
463.837166
456.985185
438.046896
425.548286
426.224316
436.863649
446.097041
445.972379
469.695127
466.894030
471.599177
475.588631
495.070960
506.848350
502.448021
484.178697
461.043605
442.696238
448.329882
449.511114
449.080233
450.609572
437.493958
444.751768
429.379378
432.598058
438.253112
451.644068
446.913548
465.677379
468.897122
459.258253
475.523275
470.396435
488.547328
468.805144
483.211425
469.503863
493.083740
490.087342
489.373392
483.329184
501.589507
515.163028
523.087359
508.115124
510.515576
551.059834
557.124151
540.043861
516.732783
519.775995
505.945361
516.605076
515.323317
516.880650
515.656162
501.670629
507.896110
523.510726
550.117337
554.477144
559.380433
584.379780
576.405734
590.041067
643.738345
656.653852
698.075768
725.817417
744.220219
754.688334
765.923721
762.600800
786.678534
784.004400
791.116553
779.859216
770.946219
769.661537
760.655803
738.620636
718.203097
716.792181
704.983537
695.140614
702.855874
682.668576
673.647166
687.683648
672.699885
662.020895
651.522369
649.983788
646.738048
649.074053
641.229497
642.453410
643.240199
634.796065
636.603674
630.233807
632.646886
626.130859
617.816246
618.501184
629.099946
627.377518
616.766710
614.787685
629.485918
637.623867
634.128336
639.757782
640.764311
639.197038
640.042581
646.864257
651.171237
663.349846
665.955026
668.734717
676.135976
680.053632
697.501227
701.279572
716.150393
698.229737
694.174046
687.149165
691.378225
701.280139
696.131818
690.580793
685.478208
688.768747
682.050834
682.321170
705.888154
682.587608
676.624644
668.360396
674.521268
686.272419
681.778320
709.558965
714.227375
708.550137
712.930820
708.951240
688.964666
676.192764
675.501657
664.750574
662.014827
651.257430
641.381980
639.523227
639.288902
640.792682
639.027633
650.035548
653.692070
664.687323
687.481185
687.557812
684.107532
662.627158
652.189232
658.466556
643.739473
642.974959
645.782964
650.310187
652.487289
659.234129
653.922898
671.638032
668.570858
673.132977
679.339696
685.922375
672.543861
667.444906
666.624577
673.743938
676.714364
658.077928
679.240148
665.790111
658.386666
653.128625
647.673918
643.302857
647.584446
635.649237
641.301960
648.063563
642.075790
668.492618
677.777981
676.054244
681.012929
673.494914
669.011280
659.663969
645.128280
648.795069
643.412217
636.834127
635.062114
620.805489
607.846666
586.271871
590.767700
612.301326
607.656761
601.136692
599.480942
597.783662
620.415786
613.510854
596.092208
591.264452
563.939458
563.928999
593.175876
597.129300
602.093508
597.412464
614.696178
613.543603
617.254045
616.752998
604.299166
584.414914
585.682125
541.899005
554.975222
557.134528
551.391924
563.789829
555.310729
562.404766
550.273449
563.069645
573.669903
592.349128
601.361327
574.436552
572.434856
583.337818
561.750207
536.881848
527.975459
490.633467
502.060563
508.735672
534.972071
555.166916
589.983229
609.363269
615.084803
635.616202
619.630989
616.423248
622.255953
622.265409
629.393098
633.676886
620.187566
596.750893
615.327296
625.134405
634.600838
618.472806
615.473688
627.502398
627.685486
630.239587
629.685424
631.703975
631.408975
621.442248
620.065550
624.092307
631.839143
612.076255
640.710460
639.589174
650.575661
662.068482
660.201871
665.458846
685.250622
684.637223
683.692847
678.336125
685.190553
684.737299
672.108435
675.821045
667.337774
666.715605
656.261737
645.283342
643.922794
641.450278
634.045172
642.119075
635.608622
629.768177
636.744714
635.758824
635.333289
