694.511977
710.625579
706.089647
699.852484
714.509434
711.078347
721.681678
709.544743
721.904610
721.634166
711.997476
705.415521
696.619705
701.328033
677.273296
703.582983
693.920484
690.945953
694.184636
695.029503
695.538698
701.499586
701.400017
692.985741
663.604343
641.082928
652.635356
647.741679
611.230222
617.819833
619.986387
649.261887
634.759563
647.278175
646.341786
669.388496
652.910894
646.657233
655.293657
671.105217
668.115978
683.380418
679.417146
690.030329
683.366382
681.774195
688.929324
691.060921
678.279732
680.018460
696.255304
716.719812
720.863346
734.979179
735.921098
762.121886
738.814397
728.704526
718.831441
714.852700
708.881244
688.589445
685.051456
683.390375
681.506674
683.284908
665.283555
658.067278
655.566458
647.434598
646.076068
648.271088
649.376903
642.244866
641.543091
637.999212
636.990716
632.388138
634.512501
640.950657
643.440624
641.007381
638.037346
626.445387
628.585630
630.217780
644.807505
625.068295
640.783605
642.251817
631.072869
638.189028
635.761321
636.545736
640.536409
642.804616
633.842368
640.528832
630.982804
634.308431
636.984747
631.814715
623.612351
616.763768
592.034683
605.123963
608.332723
618.635864
617.809580
624.149900
620.205565
624.333983
626.440462
627.894306
615.818884
608.720520
598.331415
582.603662
577.514485
580.572439
579.403074
580.426600
566.917378
575.556093
580.577989
570.981780
572.249343
566.996727
536.744876
565.509404
571.320474
589.922530
577.663154
581.104273
588.937187
578.059579
578.799996
566.443889
555.928423
564.110246
541.255795
536.603926
546.858177
538.297088
525.568954
519.496443
505.712424
489.565811
495.104961
485.887408
481.054757
473.018129
471.000706
463.817199
447.235012
458.700714
438.067705
436.783597
412.125425
407.259914
393.668231
381.505058
377.186207
375.531847
383.523029
394.570805
421.027022
439.823333
443.675098
465.764153
459.615853
451.223343
466.409610
481.375437
481.000643
493.926464
490.949255
480.049520
449.750641
457.834780
443.889331
444.873319
449.943008
438.883145
430.157876
423.773923
415.739238
405.964241
390.721155
384.600470
381.258524
365.839179
357.999617
372.601821
350.924072
345.466020
344.835842
351.643973
366.895032
387.569794
385.940338
374.503089
359.484868
374.274353
386.863025
410.899994
424.424190
430.262613
447.395233
452.562869
460.963519
449.911393
445.168700
441.691593
479.448337
494.325987
480.471209
484.025050
479.650171
506.588022
481.699768
495.165605
473.450412
452.922493
435.800595
423.565303
409.143753
398.584630
380.364041
373.159497
359.398907
340.342848
332.235253
343.398400
340.045212
341.791897
327.804668
351.169236
359.573696
359.613479
355.744538
362.706621
393.832565
397.191115
414.235364
415.851467
418.593347
415.800225
414.880675
420.955020
429.424698
422.009225
411.463484
410.186717
400.106536
404.010590
412.910051
404.416574
407.635498
413.820513
402.926683
412.385137
402.778326
401.766836
396.545906
393.458684
376.088995
373.855416
357.444905
337.528187
335.868509
314.936424
343.847906
322.279958
308.296828
329.914017
354.591238
345.982170
341.428925
352.375607
318.245345
319.795107
278.792037
301.596414
310.243614
317.783894
333.690784
338.135475
329.909762
343.466193
357.949100
356.448124
334.568538
330.931062
347.286358
332.682631
310.881818
301.999865
285.376162
249.384934
209.833573
203.330485
191.765069
213.722551
224.098679
199.753954
188.649570
180.539297
183.880333
189.003610
181.126673
185.312165
173.132589
187.043256
163.705692
175.242543
168.013015
171.443292
182.062463
182.099882
144.437388
133.300162
114.331215
124.290098
124.907983
108.531693
124.615164
119.396521
152.343696
148.398686
139.754141
134.876169
137.860109
155.087425
133.659286
160.004408
173.250211
176.659216
182.539800
191.269268
199.098882
205.943259
178.746400
190.602833
162.135218
154.678591
175.496974
181.264521
191.667752
169.285858
176.829965
170.173405
188.394668
177.269394
175.167297
185.671273
200.435311
198.815576
195.158911
219.125094
198.998382
202.359775
205.784627
221.665045
255.447198
242.973919
258.625419
251.386064
231.606621
224.075136
218.444551
214.729396
206.274930
217.496659
219.229020
214.226411
219.010843
216.516722
211.455358
229.291810
211.263106
206.505362
204.692426
178.190508
169.162980
168.622739
172.711353
156.631331
147.769024
165.719022
145.430644
123.075893
125.022677
110.730618
115.490402
102.642227
100.703833
101.700998
86.664305
106.353941
99.094265
111.871113
117.293815
106.773247
95.673179
93.971644
72.405376
85.331670
82.913776
103.959041
95.276700
102.489674
121.428550
139.125828
165.078850
160.617437
177.906705
174.920958
204.342462
216.746036
259.234455
276.912289
272.222874
237.700601
183.617235
200.443942
220.710956
221.521451
219.836508
159.149760
137.611533
127.755786
110.397197
142.542999
86.463669
98.072449
85.572762
86.723252
79.402639
68.620336
72.398991
67.370483
75.141285
114.240641
105.591623
86.625523
105.947727
118.973798
114.769537
120.876020
122.667487
114.164128
101.562214
96.914581
80.501746
79.548946
83.633735
69.122879
71.345436
92.638816
118.640087
154.229923
137.685471
143.776726
141.892022
159.808560
153.175787
167.925254
157.520091
173.248511
143.177840
136.506406
133.028893
102.964961
76.124275
71.775253
71.066124
81.155594
82.558905
123.207660
119.222239
130.166162
117.808867
136.325418
130.091919
128.795935
98.428608
75.423950
91.958837
70.685925
74.549268
70.372302
70.746362
69.832959
72.310533
83.629576
93.456789
81.881618
88.003586
94.009035
91.405001
97.840809
118.962506
125.510632
139.603820
125.493059
112.016006
115.425634
105.769934
95.112774
103.387183
119.636983
130.097868
138.494679
144.888062
159.057964
185.410451
181.289805
191.031458
213.879713
220.811022
229.598107
211.335991
199.028379
202.164689
215.168740
214.414122
220.648713
275.367630
314.604523
310.378331
292.510357
294.524412
299.400363
306.818532
294.977452
290.378733
259.848391
267.647686
286.538803
257.959681
248.980656
244.356631
233.824764
259.159634
241.441013
243.317691
233.282664
213.677241
223.854156
192.783808
225.685706
203.543042
234.136874
240.706498
261.673213
272.990457
266.205684
301.031865
312.648842
302.588061
298.934324
330.705121
314.363505
323.215517
313.256736
318.418378
294.090988
317.240173
314.208960
276.456449
291.759672
299.236370
292.128283
275.469472
307.725463
276.126696
261.175057
265.077327
225.038127
219.248948
220.546806
208.011098
196.869389
193.210073
207.189301
148.316690
116.322866
96.043438
74.497159
76.302303
69.664997
94.803959
131.044143
128.991875
176.867783
183.302105
151.618510
172.390898
181.232397
258.235099
201.306519
195.800735
201.374269
196.753528
170.599009
196.949635
136.638133
178.591767
140.064324
142.845914
113.579158
126.920951
104.832403
114.136893
104.185769
136.652406
169.594699
163.751481
206.051504
221.481270
239.147903
196.798046
235.714503
246.507942
256.442975
258.784358
201.004479
192.946047
193.806957
201.660781
247.907842
248.334682
139.438981
149.059075
104.740008
89.822761
72.496590
85.378116
90.166630
101.557221
81.991697
123.341768
160.369534
189.094595
170.406917
182.313916
162.157333
151.397256
165.727529
145.131156
152.684805
168.229193
178.766873
158.336968
177.995726
175.123214
184.835800
183.190711
193.262161
221.382025
249.489230
227.574736
243.507280
238.956338
236.869813
226.299284
208.719538
199.000222
194.349676
172.707287
157.215912
161.638893
150.661724
143.049364
143.619424
135.352134
133.031895
150.646599
155.270337
147.219345
166.594768
172.775165
165.982809
200.796010
195.814295
189.872332
184.729423
196.532848
200.015696
204.872211
221.286744
242.304687
236.036741
262.525714
256.533732
273.740516
273.619878
300.164917
303.205874
287.924143
314.782861
325.418501
370.135778
398.344879
407.157170
421.089291
426.004779
414.914412
404.576883
402.768131
382.895165
374.524943
372.896190
370.992951
359.145503
346.322713
356.568476
338.605965
300.050222
321.527457
295.506160
301.279234
289.809001
292.685695
277.007446
257.068658
256.953725
255.521903
217.712377
210.882218
197.792714
193.671903
196.319263
185.612599
155.723754
150.993689
170.110520
179.197598
171.006091
180.208810
205.283800
215.684021
202.071035
197.369407
187.573600
141.927973
140.073168
132.462639
90.586898
90.342786
92.034981
89.225983
89.193125
98.664348
100.640691
127.333455
155.657780
160.128701
141.778332
166.418807
184.896965
191.084294
190.790422
232.647269
178.102550
209.731724
182.638669
176.428972
157.412857
140.597496
142.898088
114.688259
97.556832
87.673662
83.332358
85.574698
93.183306
77.228564
126.623643
115.012804
121.085925
164.911245
166.975253
174.281666
183.766355
207.552478
192.769056
195.922031
191.575951
182.528925
184.331481
169.810408
177.508221
161.618414
157.237287
156.911760
158.059848
152.318706
169.503285
154.122329
138.928444
127.199652
112.667272
111.597636
102.998136
101.718789
111.703244
101.557294
110.956471
106.764363
116.811829
126.211311
131.620650
132.442481
108.064428
100.049407
93.989832
89.689622
91.347899
94.627164
91.170555
80.139172
77.169914
77.876203
78.268603
81.676115
76.050099
81.163475
85.308537
90.326932
122.374153
123.773638
126.581914
139.619285
139.671136
140.721080
158.069829
187.474493
171.998394
196.999275
183.135943
182.072376
228.055377
221.284363
194.043178
204.285988
189.770370
175.775896
217.950691
207.580218
222.352124
192.498871
190.918818
211.143759
193.650394
165.312560
101.273553
77.621485
71.442050
72.619281
71.568414
72.032445
71.600370
75.332025
75.612846
80.309312
84.709965
106.305413
86.552177
102.486009
109.670193
94.724420
92.772313
89.388815
72.622241
78.786334
81.205794
73.320595
83.038264
79.143574
79.253975
77.174748
88.121158
77.642290
76.477927
68.627524
65.828372
69.786072
75.760468
67.003828
69.851782
68.111169
70.716956
70.387437
69.084089
71.016999
80.145882
79.521028
70.634802
77.704708
80.682221
82.333839
97.293007
109.012651
112.430222
126.834282
133.704317
147.806140
147.109686
149.645309
149.571188
152.662026
156.994063
147.779154
164.443885
143.349574
129.060720
147.404100
127.858476
133.434285
145.573050
144.482392
138.173839
139.100389
131.938934
146.476308
152.516384
174.207954
181.538855
201.994034
214.196695
210.367594
205.239074
197.593479
178.095850
167.329978
142.841853
146.186240
164.768167
157.191168
180.592487
155.580249
155.777917
144.912208
155.942435
143.567971
155.881893
143.606444
123.192317
117.449387
97.871313
91.990539
84.236079
85.368897
75.951321
73.912737
84.360433
75.620127
73.759652
83.242841
86.160880
94.062652
84.170050
91.747921
88.845700
97.602628
97.893905
95.608871
109.844154
108.429891
101.062457
94.295644
76.154610
80.587560
69.790444
75.794039
90.725265
101.515720
91.553728
88.213647
83.164860
86.059344
81.836622
82.816836
79.741280
86.636156
81.015015
78.840843
74.788885
71.366891
69.946720
77.238725
75.571051
80.047745
93.683105
113.392840
99.332293
115.583310
140.739974
118.460947
134.168510
126.978910
138.781559
186.058432
147.129209
133.640994
157.232318
152.165162
184.537548
161.117204
190.136196
201.242676
183.564302
212.912567
170.155995
104.768187
114.210149
109.365609
91.873824
87.870741
90.564435
74.623891
72.212054
73.227818
80.133332
97.795155
138.014706
151.556183
161.995085
191.029615
171.151706
195.202315
187.921635
189.852408
214.162386
211.337621
222.325031
192.075835
219.641444
192.831045
219.460958
213.923956
223.971803
253.694148
267.796642
255.892265
252.302250
257.204289
264.200040
262.269479
250.739686
247.105668
261.006125
264.512719
255.465991
249.463928
251.560557
260.967953
287.967497
298.660117
284.646514
276.668838
250.477644
228.065697
228.989438
224.547685
228.657394
210.693744
198.780753
186.722012
186.534582
215.360044
229.055149
237.542396
211.537274
181.170311
185.097103
180.735099
190.635980
193.065639
190.095154
218.375810
225.617100
259.709007
256.011468
251.664458
249.447449
244.556941
254.124996
256.021310
268.441716
251.449119
249.921419
256.454589
255.022277
270.729212
272.897941
296.652709
292.626379
308.319510
288.108390
262.725484
254.086679
256.700321
280.650959
292.007601
291.600514
292.142863
307.964913
324.500850
312.963185
310.954476
327.394896
325.332115
320.830074
336.443241
317.312898
331.557348
315.122554
313.534931
323.961299
335.421283
327.386423
319.865298
324.325393
312.594771
312.716315
329.121123
354.122176
355.369156
369.012439
357.729959
343.815485
350.522803
336.372276
347.578500
339.526082
345.016285
343.921711
350.083856
328.398220
355.028041
364.923097
371.730882
371.414940
384.512211
377.954527
377.591451
374.882803
352.291466
367.195158
358.134458
352.125450
332.414063
325.594580
335.902936
327.795839
327.682132
304.522031
342.644151
323.377372
311.540571
316.047986
313.221692
325.576844
341.023412
361.708712
366.175603
378.787907
387.196316
380.308269
374.286627
377.488222
373.965321
380.453697
376.897002
381.663755
381.800289
365.125283
390.111701
405.551302
412.180796
417.436572
431.843219
463.837166
456.985185
438.046896
425.548286
426.224316
436.863649
446.097041
445.972379
469.695127
466.894030
471.599177
475.588631
495.070960
506.848350
502.448021
484.178697
461.043605
442.696238
448.329882
449.511114
449.080233
450.609572
437.493958
444.751768
429.379378
432.598058
438.253112
451.644068
446.913548
465.677379
468.897122
459.258253
475.523275
470.396435
488.547328
468.805144
483.211425
469.503863
493.083740
490.087342
489.373392
483.329184
501.589507
515.163028
523.087359
508.115124
510.515576
551.059834
557.124151
540.043861
516.732783
519.775995
505.945361
516.605076
515.323317
516.880650
515.656162
501.670629
507.896110
523.510726
550.117337
554.477144
559.380433
584.379780
576.405734
590.041067
643.738345
656.653852
698.075768
725.817417
744.220219
754.688334
765.923721
762.600800
786.678534
784.004400
791.116553
779.859216
770.946219
769.661537
760.655803
738.620636
718.203097
716.792181
704.983537
695.140614
702.855874
682.668576
673.647166
687.683648
672.699885
662.020895
651.522369
649.983788
646.738048
649.074053
641.229497
642.453410
643.240199
634.796065
636.603674
630.233807
632.646886
626.130859
617.816246
618.501184
629.099946
627.377518
616.766710
614.787685
629.485918
637.623867
634.128336
639.757782
640.764311
639.197038
640.042581
646.864257
651.171237
663.349846
665.955026
668.734717
676.135976
680.053632
697.501227
701.279572
716.150393
698.229737
694.174046
687.149165
691.378225
701.280139
696.131818
690.580793
685.478208
688.768747
682.050834
682.321170
705.888154
682.587608
676.624644
668.360396
674.521268
686.272419
681.778320
709.558965
714.227375
708.550137
712.930820
708.951240
688.964666
676.192764
675.501657
664.750574
662.014827
651.257430
641.381980
639.523227
639.288902
640.792682
639.027633
650.035548
653.692070
664.687323
687.481185
687.557812
684.107532
662.627158
652.189232
658.466556
643.739473
642.974959
645.782964
650.310187
652.487289
659.234129
653.922898
671.638032
668.570858
673.132977
679.339696
685.922375
672.543861
667.444906
666.624577
673.743938
676.714364
658.077928
679.240148
665.790111
658.386666
653.128625
647.673918
643.302857
647.584446
635.649237
641.301960
648.063563
642.075790
668.492618
677.777981
676.054244
681.012929
673.494914
669.011280
659.663969
645.128280
648.795069
643.412217
636.834127
635.062114
620.805489
607.846666
586.271871
590.767700
612.301326
607.656761
601.136692
599.480942
597.783662
620.415786
613.510854
596.092208
591.264452
563.939458
563.928999
593.175876
597.129300
602.093508
597.412464
614.696178
613.543603
617.254045
616.752998
604.299166
584.414914
585.682125
541.899005
554.975222
557.134528
551.391924
563.789829
555.310729
562.404766
550.273449
563.069645
573.669903
592.349128
601.361327
574.436552
572.434856
583.337818
561.750207
536.881848
527.975459
490.633467
502.060563
508.735672
534.972071
555.166916
589.983229
609.363269
615.084803
635.616202
619.630989
616.423248
622.255953
622.265409
629.393098
633.676886
620.187566
596.750893
615.327296
625.134405
634.600838
618.472806
615.473688
627.502398
627.685486
630.239587
629.685424
631.703975
631.408975
621.442248
620.065550
624.092307
631.839143
612.076255
640.710460
639.589174
650.575661
662.068482
660.201871
665.458846
685.250622
684.637223
683.692847
678.336125
685.190553
684.737299
672.108435
675.821045
667.337774
666.715605
656.261737
645.283342
643.922794
641.450278
634.045172
642.119075
635.608622
629.768177
636.744714
635.758824
689.162963
694.511977
710.625579
706.089647
699.852484
714.509434
711.078347
721.681678
709.544743
721.904610
721.634166
711.997476
705.415521
696.619705
701.328033
677.273296
703.582983
693.920484
690.945953
694.184636
695.029503
695.538698
701.499586
701.400017
692.985741
663.604343
641.082928
652.635356
647.741679
611.230222
617.819833
619.986387
649.261887
634.759563
647.278175
646.341786
669.388496
652.910894
646.657233
655.293657
671.105217
668.115978
683.380418
679.417146
690.030329
683.366382
681.774195
688.929324
691.060921
678.279732
680.018460
696.255304
716.719812
720.863346
734.979179
735.921098
762.121886
738.814397
728.704526
718.831441
714.852700
708.881244
688.589445
685.051456
683.390375
681.506674
683.284908
665.283555
658.067278
655.566458
647.434598
646.076068
648.271088
649.376903
642.244866
641.543091
637.999212
636.990716
632.388138
634.512501
640.950657
643.440624
641.007381
638.037346
626.445387
628.585630
630.217780
644.807505
625.068295
640.783605
642.251817
631.072869
638.189028
635.761321
636.545736
640.536409
642.804616
633.842368
640.528832
630.982804
634.308431
636.984747
631.814715
623.612351
616.763768
592.034683
605.123963
608.332723
618.635864
617.809580
624.149900
620.205565
624.333983
626.440462
627.894306
615.818884
608.720520
598.331415
582.603662
577.514485
580.572439
579.403074
580.426600
566.917378
575.556093
580.577989
570.981780
572.249343
566.996727
536.744876
565.509404
571.320474
589.922530
577.663154
581.104273
588.937187
578.059579
578.799996
566.443889
555.928423
564.110246
541.255795
536.603926
546.858177
538.297088
525.568954
519.496443
505.712424
489.565811
495.104961
485.887408
481.054757
473.018129
471.000706
463.817199
447.235012
458.700714
438.067705
436.783597
412.125425
407.259914
393.668231
381.505058
377.186207
375.531847
383.523029
394.570805
421.027022
439.823333
443.675098
465.764153
459.615853
451.223343
466.409610
481.375437
481.000643
493.926464
490.949255
480.049520
449.750641
457.834780
443.889331
444.873319
449.943008
438.883145
430.157876
423.773923
415.739238
405.964241
390.721155
384.600470
381.258524
365.839179
357.999617
372.601821
350.924072
345.466020
344.835842
351.643973
366.895032
387.569794
385.940338
374.503089
359.484868
374.274353
386.863025
410.899994
424.424190
430.262613
447.395233
452.562869
460.963519
449.911393
445.168700
441.691593
479.448337
494.325987
480.471209
484.025050
479.650171
506.588022
481.699768
495.165605
473.450412
452.922493
435.800595
423.565303
409.143753
398.584630
380.364041
373.159497
359.398907
340.342848
332.235253
343.398400
340.045212
341.791897
327.804668
351.169236
359.573696
359.613479
355.744538
362.706621
393.832565
397.191115
414.235364
415.851467
418.593347
415.800225
414.880675
420.955020
429.424698
422.009225
411.463484
410.186717
400.106536
404.010590
412.910051
404.416574
407.635498
413.820513
402.926683
412.385137
402.778326
401.766836
396.545906
393.458684
376.088995
373.855416
357.444905
337.528187
335.868509
314.936424
343.847906
322.279958
308.296828
329.914017
354.591238
345.982170
341.428925
352.375607
318.245345
319.795107
278.792037
301.596414
310.243614
317.783894
333.690784
338.135475
329.909762
343.466193
357.949100
356.448124
334.568538
330.931062
347.286358
332.682631
310.881818
301.999865
285.376162
249.384934
209.833573
203.330485
191.765069
213.722551
224.098679
199.753954
188.649570
180.539297
183.880333
189.003610
181.126673
185.312165
173.132589
187.043256
163.705692
175.242543
168.013015
171.443292
182.062463
182.099882
144.437388
133.300162
114.331215
124.290098
124.907983
108.531693
124.615164
119.396521
152.343696
148.398686
139.754141
134.876169
137.860109
155.087425
133.659286
160.004408
173.250211
176.659216
182.539800
191.269268
199.098882
205.943259
178.746400
190.602833
162.135218
154.678591
175.496974
181.264521
191.667752
169.285858
176.829965
170.173405
188.394668
177.269394
175.167297
185.671273
200.435311
198.815576
195.158911
219.125094
198.998382
202.359775
205.784627
221.665045
255.447198
242.973919
258.625419
251.386064
231.606621
224.075136
218.444551
214.729396
206.274930
217.496659
219.229020
214.226411
219.010843
216.516722
211.455358
229.291810
211.263106
206.505362
204.692426
178.190508
169.162980
168.622739
172.711353
156.631331
147.769024
165.719022
145.430644
123.075893
125.022677
110.730618
115.490402
102.642227
100.703833
101.700998
86.664305
106.353941
99.094265
111.871113
117.293815
106.773247
95.673179
93.971644
72.405376
85.331670
82.913776
103.959041
95.276700
102.489674
121.428550
139.125828
165.078850
160.617437
177.906705
174.920958
204.342462
216.746036
259.234455
276.912289
272.222874
237.700601
183.617235
200.443942
220.710956
221.521451
219.836508
159.149760
137.611533
127.755786
110.397197
142.542999
86.463669
98.072449
85.572762
86.723252
79.402639
68.620336
72.398991
67.370483
75.141285
114.240641
105.591623
86.625523
105.947727
118.973798
114.769537
120.876020
122.667487
114.164128
101.562214
96.914581
80.501746
79.548946
83.633735
69.122879
71.345436
92.638816
118.640087
154.229923
137.685471
143.776726
141.892022
159.808560
153.175787
167.925254
157.520091
173.248511
143.177840
136.506406
133.028893
102.964961
76.124275
71.775253
71.066124
81.155594
82.558905
123.207660
119.222239
130.166162
117.808867
136.325418
130.091919
128.795935
98.428608
75.423950
91.958837
70.685925
74.549268
70.372302
70.746362
69.832959
72.310533
83.629576
93.456789
81.881618
88.003586
94.009035
91.405001
97.840809
118.962506
125.510632
139.603820
125.493059
112.016006
115.425634
105.769934
95.112774
103.387183
119.636983
130.097868
138.494679
144.888062
159.057964
185.410451
181.289805
191.031458
213.879713
220.811022
229.598107
211.335991
199.028379
202.164689
215.168740
214.414122
220.648713
275.367630
314.604523
310.378331
292.510357
294.524412
299.400363
306.818532
294.977452
290.378733
259.848391
267.647686
286.538803
257.959681
248.980656
244.356631
233.824764
259.159634
241.441013
243.317691
233.282664
213.677241
223.854156
192.783808
225.685706
203.543042
234.136874
240.706498
261.673213
272.990457
266.205684
301.031865
312.648842
302.588061
298.934324
330.705121
314.363505
323.215517
313.256736
318.418378
294.090988
317.240173
314.208960
276.456449
291.759672
299.236370
292.128283
275.469472
307.725463
276.126696
261.175057
265.077327
225.038127
219.248948
220.546806
208.011098
196.869389
193.210073
207.189301
148.316690
116.322866
96.043438
74.497159
76.302303
69.664997
94.803959
131.044143
128.991875
176.867783
183.302105
151.618510
172.390898
181.232397
258.235099
201.306519
195.800735
201.374269
196.753528
170.599009
196.949635
136.638133
178.591767
140.064324
142.845914
113.579158
126.920951
104.832403
114.136893
104.185769
136.652406
169.594699
163.751481
206.051504
221.481270
239.147903
196.798046
235.714503
246.507942
256.442975
258.784358
201.004479
192.946047
193.806957
201.660781
247.907842
248.334682
139.438981
149.059075
104.740008
89.822761
72.496590
85.378116
90.166630
101.557221
81.991697
123.341768
160.369534
189.094595
170.406917
182.313916
162.157333
151.397256
165.727529
145.131156
152.684805
168.229193
178.766873
158.336968
177.995726
175.123214
184.835800
183.190711
193.262161
221.382025
249.489230
227.574736
243.507280
238.956338
236.869813
226.299284
208.719538
199.000222
194.349676
172.707287
157.215912
161.638893
150.661724
143.049364
143.619424
135.352134
133.031895
150.646599
155.270337
147.219345
166.594768
172.775165
165.982809
200.796010
195.814295
189.872332
184.729423
196.532848
200.015696
204.872211
221.286744
242.304687
236.036741
262.525714
256.533732
273.740516
273.619878
300.164917
303.205874
287.924143
314.782861
325.418501
370.135778
398.344879
407.157170
421.089291
426.004779
414.914412
404.576883
402.768131
382.895165
374.524943
372.896190
370.992951
359.145503
346.322713
356.568476
338.605965
300.050222
321.527457
295.506160
301.279234
289.809001
292.685695
277.007446
257.068658
256.953725
255.521903
217.712377
210.882218
197.792714
193.671903
196.319263
185.612599
155.723754
150.993689
170.110520
179.197598
171.006091
180.208810
205.283800
215.684021
202.071035
197.369407
187.573600
141.927973
140.073168
132.462639
90.586898
90.342786
92.034981
89.225983
89.193125
98.664348
100.640691
127.333455
155.657780
160.128701
141.778332
166.418807
184.896965
191.084294
190.790422
232.647269
178.102550
209.731724
182.638669
176.428972
157.412857
140.597496
142.898088
114.688259
97.556832
87.673662
83.332358
85.574698
93.183306
77.228564
126.623643
115.012804
121.085925
164.911245
166.975253
174.281666
183.766355
207.552478
192.769056
195.922031
191.575951
182.528925
184.331481
169.810408
177.508221
161.618414
157.237287
156.911760
158.059848
152.318706
169.503285
154.122329
138.928444
127.199652
112.667272
111.597636
102.998136
101.718789
111.703244
101.557294
110.956471
106.764363
116.811829
126.211311
131.620650
132.442481
108.064428
100.049407
93.989832
89.689622
91.347899
94.627164
91.170555
80.139172
77.169914
77.876203
78.268603
81.676115
76.050099
81.163475
85.308537
90.326932
122.374153
123.773638
126.581914
139.619285
139.671136
140.721080
158.069829
187.474493
171.998394
196.999275
183.135943
182.072376
228.055377
221.284363
194.043178
204.285988
189.770370
175.775896
217.950691
207.580218
222.352124
192.498871
190.918818
211.143759
193.650394
165.312560
101.273553
77.621485
71.442050
72.619281
71.568414
72.032445
71.600370
75.332025
75.612846
80.309312
84.709965
106.305413
86.552177
102.486009
109.670193
94.724420
92.772313
89.388815
72.622241
78.786334
81.205794
73.320595
83.038264
79.143574
79.253975
77.174748
88.121158
77.642290
76.477927
68.627524
65.828372
69.786072
75.760468
67.003828
69.851782
68.111169
70.716956
70.387437
69.084089
71.016999
80.145882
79.521028
70.634802
77.704708
80.682221
82.333839
97.293007
109.012651
112.430222
126.834282
133.704317
147.806140
147.109686
149.645309
149.571188
152.662026
156.994063
147.779154
164.443885
143.349574
129.060720
147.404100
127.858476
133.434285
145.573050
144.482392
138.173839
139.100389
131.938934
146.476308
152.516384
174.207954
181.538855
201.994034
214.196695
210.367594
205.239074
197.593479
178.095850
167.329978
142.841853
146.186240
164.768167
157.191168
180.592487
155.580249
155.777917
144.912208
155.942435
143.567971
155.881893
143.606444
123.192317
117.449387
97.871313
91.990539
84.236079
85.368897
75.951321
73.912737
84.360433
75.620127
73.759652
83.242841
86.160880
94.062652
84.170050
91.747921
88.845700
97.602628
97.893905
95.608871
109.844154
108.429891
101.062457
94.295644
76.154610
80.587560
69.790444
75.794039
90.725265
101.515720
91.553728
88.213647
83.164860
86.059344
81.836622
82.816836
79.741280
86.636156
81.015015
78.840843
74.788885
71.366891
69.946720
77.238725
75.571051
80.047745
93.683105
113.392840
99.332293
115.583310
140.739974
118.460947
134.168510
126.978910
138.781559
186.058432
147.129209
133.640994
157.232318
152.165162
184.537548
161.117204
190.136196
201.242676
183.564302
212.912567
170.155995
104.768187
114.210149
109.365609
91.873824
87.870741
90.564435
74.623891
72.212054
73.227818
80.133332
97.795155
138.014706
151.556183
161.995085
191.029615
171.151706
195.202315
187.921635
189.852408
214.162386
211.337621
222.325031
192.075835
219.641444
192.831045
219.460958
213.923956
223.971803
253.694148
267.796642
255.892265
252.302250
257.204289
264.200040
262.269479
250.739686
247.105668
261.006125
264.512719
255.465991
249.463928
251.560557
260.967953
287.967497
298.660117
284.646514
276.668838
250.477644
228.065697
228.989438
224.547685
228.657394
210.693744
198.780753
186.722012
186.534582
215.360044
229.055149
237.542396
211.537274
181.170311
185.097103
180.735099
190.635980
193.065639
190.095154
218.375810
225.617100
259.709007
256.011468
251.664458
249.447449
244.556941
254.124996
256.021310
268.441716
251.449119
249.921419
256.454589
255.022277
270.729212
272.897941
296.652709
292.626379
308.319510
288.108390
262.725484
254.086679
256.700321
280.650959
292.007601
291.600514
292.142863
307.964913
324.500850
312.963185
310.954476
327.394896
325.332115
320.830074
336.443241
317.312898
331.557348
315.122554
313.534931
323.961299
335.421283
327.386423
319.865298
324.325393
312.594771
312.716315
329.121123
354.122176
355.369156
369.012439
357.729959
343.815485
350.522803
336.372276
347.578500
339.526082
345.016285
343.921711
350.083856
328.398220
355.028041
364.923097
371.730882
371.414940
384.512211
377.954527
377.591451
374.882803
352.291466
367.195158
358.134458
352.125450
332.414063
325.594580
335.902936
327.795839
327.682132
304.522031
342.644151
323.377372
311.540571
316.047986
313.221692
325.576844
341.023412
361.708712
366.175603
378.787907
387.196316
380.308269
374.286627
377.488222
373.965321
380.453697
376.897002
381.663755
381.800289
365.125283
390.111701
405.551302
412.180796
417.436572
431.843219
463.837166
456.985185
438.046896
425.548286
426.224316
436.863649
446.097041
445.972379
469.695127
466.894030
471.599177
475.588631
495.070960
506.848350
502.448021
484.178697
461.043605
442.696238
448.329882
449.511114
449.080233
450.609572
437.493958
444.751768
429.379378
432.598058
438.253112
451.644068
446.913548
465.677379
468.897122
459.258253
475.523275
470.396435
488.547328
468.805144
483.211425
469.503863
493.083740
490.087342
489.373392
483.329184
501.589507
515.163028
523.087359
508.115124
510.515576
551.059834
557.124151
540.043861
516.732783
519.775995
505.945361
516.605076
515.323317
516.880650
515.656162
501.670629
507.896110
523.510726
550.117337
554.477144
559.380433
584.379780
576.405734
590.041067
643.738345
656.653852
698.075768
725.817417
744.220219
754.688334
765.923721
762.600800
786.678534
784.004400
791.116553
779.859216
770.946219
769.661537
760.655803
738.620636
718.203097
716.792181
704.983537
695.140614
702.855874
682.668576
673.647166
687.683648
672.699885
662.020895
651.522369
649.983788
646.738048
649.074053
641.229497
642.453410
643.240199
634.796065
636.603674
630.233807
632.646886
626.130859
617.816246
618.501184
629.099946
627.377518
616.766710
614.787685
629.485918
637.623867
634.128336
639.757782
640.764311
639.197038
640.042581
646.864257
651.171237
663.349846
665.955026
668.734717
676.135976
680.053632
697.501227
701.279572
716.150393
698.229737
694.174046
687.149165
691.378225
701.280139
696.131818
690.580793
685.478208
688.768747
682.050834
682.321170
705.888154
682.587608
676.624644
668.360396
674.521268
686.272419
681.778320
709.558965
714.227375
708.550137
712.930820
708.951240
688.964666
676.192764
675.501657
664.750574
662.014827
651.257430
641.381980
639.523227
639.288902
640.792682
639.027633
650.035548
653.692070
664.687323
687.481185
687.557812
684.107532
662.627158
652.189232
658.466556
643.739473
642.974959
645.782964
650.310187
652.487289
659.234129
653.922898
671.638032
668.570858
673.132977
679.339696
685.922375
672.543861
667.444906
666.624577
673.743938
676.714364
658.077928
679.240148
665.790111
658.386666
653.128625
647.673918
643.302857
647.584446
635.649237
641.301960
648.063563
642.075790
668.492618
677.777981
676.054244
681.012929
673.494914
669.011280
659.663969
645.128280
648.795069
643.412217
636.834127
635.062114
620.805489
607.846666
586.271871
590.767700
612.301326
607.656761
601.136692
599.480942
597.783662
620.415786
613.510854
596.092208
591.264452
563.939458
563.928999
593.175876
597.129300
602.093508
597.412464
614.696178
613.543603
617.254045
616.752998
604.299166
584.414914
585.682125
541.899005
554.975222
557.134528
551.391924
563.789829
555.310729
562.404766
550.273449
563.069645
573.669903
592.349128
601.361327
574.436552
572.434856
583.337818
561.750207
536.881848
527.975459
490.633467
502.060563
508.735672
534.972071
555.166916
589.983229
609.363269
615.084803
635.616202
619.630989
616.423248
622.255953
622.265409
629.393098
633.676886
620.187566
596.750893
615.327296
625.134405
634.600838
618.472806
615.473688
627.502398
627.685486
630.239587
629.685424
631.703975
631.408975
621.442248
620.065550
624.092307
631.839143
612.076255
640.710460
639.589174
650.575661
662.068482
660.201871
665.458846
685.250622
684.637223
683.692847
678.336125
685.190553
684.737299
672.108435
675.821045
667.337774
666.715605
656.261737
645.283342
643.922794
641.450278
634.045172
642.119075
635.608622
629.768177
636.744714
635.758824
635.333289
642.026320
659.495287
686.161218
694.440178
722.507413
728.619321
736.718713
722.689917
719.490817
695.445382
681.079415
673.710395
687.548056
667.548131
684.987613
671.053674
678.475031
673.244141
667.498207
655.918745
655.308002
652.392457
649.409823
645.147686
650.365645
641.728685
634.091395
636.142267
634.793870
625.821862
631.503550
620.919038
618.973105
595.030751
611.243236
604.629724
627.449025
638.808377
648.400684
657.903244
686.679529
683.363400
693.409276
709.837303
729.174028
753.831646
766.348250
785.829957
799.702351
804.253906
805.676943
776.030195
794.039084
786.781665
763.255563
761.948851
758.817627
751.734428
756.995639
755.382941
746.240200
737.324068
762.899962
748.506047
738.144601
755.788067
743.439081
735.981075
706.571709
732.570544
720.785514
714.288991
711.424587
702.046067
688.042643
703.290019
703.787680
708.576729
701.810954
670.855401
650.628403
647.563290
662.060020
635.910273
633.340915
636.843673
646.582210
672.201036
676.269376
678.375690
688.963177
712.524189
713.735569
700.364292
719.176171
718.882129
713.915202
730.769874
746.182526
738.122535
743.503602
747.128447
748.449720
742.855174
738.291117
731.116385
733.643136
726.216695
731.579309
740.781354
732.953741
741.219079
762.859002
751.695915
741.365202
745.451017
779.628040
767.715319
788.438438
782.712035
781.556544
757.329147
739.202455
736.922970
739.065444
733.129764
724.645980
719.328137
723.837650
727.438892
701.981157
705.438719
705.351500
698.552709
696.075774
690.609980
704.613175
686.534928
682.090567
708.726371
675.548454
672.462662
665.687082
694.324045
698.098943
718.633957
738.118554
749.751896
758.591583
748.256890
774.821035
763.443622
746.149795
739.930678
745.792959
746.179493
747.434614
745.782259
738.335451
725.766307
758.989753
757.367488
772.612751
768.795817
769.493564
770.462921
754.042716
750.817402
736.273609
730.044804
736.968602
692.939092
721.316210
738.207203
718.835940
710.861597
724.604507
723.792840
722.359186
733.904675
708.810523
701.871487
709.428919
682.798738
675.460298
662.206142
650.855972
645.410429
636.048332
634.801845
624.458770
624.546749
623.022522
620.322917
626.086559
617.513251
632.065253
607.706276
588.903574
575.756499
592.452973
597.360729
589.920510
606.934849
615.646130
601.941174
612.812915
600.062067
608.356904
609.203030
610.525109
593.574552
588.815788
593.193101
596.262489
567.286380
593.795294
606.919086
605.275295
614.858152
607.185765
602.276275
617.671378
619.434372
623.180582
635.686537
635.246643
612.209379
640.626641
629.205528
617.882796
613.297563
620.603862
594.649453
592.607187
595.756071
582.429892
570.722140
551.424175
566.236803
519.612992
516.631189
505.760263
507.051166
513.457148
509.470848
496.004893
488.234818
476.364178
487.227898
496.665043
491.301731
486.527394
500.338496
500.800800
513.077340
497.667024
510.049910
535.121447
499.256274
494.157966
508.847383
490.318078
481.578435
485.425149
470.608852
454.076879
462.921151
483.935375
522.708626
517.521084
539.927402
521.888838
515.831756
553.942462
595.576565
621.341626
610.153453
629.012225
633.292886
640.228511
653.389016
665.514549
650.372829
641.479033
639.447684
645.679037
649.147856
650.141141
660.408977
672.122821
700.184627
730.665828
739.896136
749.176059
759.462004
765.262033
797.513182
771.679825
761.805682
741.426232
751.834185
723.755677
743.437899
727.666518
711.476595
714.301987
747.906831
741.410623
738.922295
711.907314
722.941674
692.488456
689.487612
677.601725
660.850463
678.590922
663.833565
668.417317
667.266042
676.810508
661.370800
651.714938
646.663117
640.843229
632.867750
618.094829
612.511251
604.158591
615.310893
607.606372
584.528979
584.780131
570.350383
578.226312
570.725614
548.338726
552.422009
544.163481
556.769544
561.599245
561.620794
564.447319
568.686359
543.487659
530.941211
528.836098
509.335339
521.273524
522.058356
524.556192
523.766806
537.924184
523.059853
528.291184
536.847439
505.805788
534.111611
501.505684
531.110180
511.556601
527.218537
574.074801
577.373944
572.205619
593.373698
594.490023
593.633183
575.622408
554.689015
531.603575
522.220468
546.619283
530.640863
523.088693
539.279692
537.707735
527.878928
487.892417
501.877090
484.556480
492.222953
481.226679
481.171814
479.347685
452.347794
459.501950
457.634553
481.037282
449.778440
441.935088
442.995460
435.704302
435.284649
432.939054
445.239375
426.353567
434.283688
425.342766
422.696047
408.479168
408.321614
402.265067
400.696784
396.467679
391.762719
395.199395
395.708374
385.552106
378.037498
375.528296
371.440034
371.651612
372.491877
371.771471
365.038460
354.675974
376.085650
376.034009
340.703010
346.280694
357.041453
366.282970
371.288416
363.914855
379.099222
386.569838
394.095656
411.730479
422.815055
433.389669
434.357384
427.007777
424.748060
439.252394
451.168369
445.260381
444.075948
448.215598
434.461557
461.717874
450.668733
474.264633
474.933075
487.809769
503.159559
504.941678
468.275933
510.373850
508.381881
518.667645
537.479001
523.086144
539.004026
544.021356
562.649872
550.852117
541.677926
570.457899
571.159225
612.534901
610.167686
635.187934
655.121717
677.871524
691.626905
730.045117
713.582932
727.634896
740.238121
743.692754
749.986485
760.789813
756.600773
741.824335
730.001282
723.376706
714.460293
706.487296
691.666753
676.172573
675.153142
662.645802
646.178013
650.958770
644.714423
632.515530
629.484103
621.600711
603.255892
556.179263
567.226941
566.312496
557.893270
546.612405
553.168591
566.828320
571.493767
584.208678
689.162963
694.511977
710.625579
706.089647
699.852484
714.509434
711.078347
721.681678
709.544743
721.904610
721.634166
711.997476
705.415521
696.619705
701.328033
677.273296
703.582983
693.920484
690.945953
694.184636
695.029503
695.538698
701.499586
701.400017
692.985741
663.604343
641.082928
652.635356
647.741679
611.230222
617.819833
619.986387
649.261887
634.759563
647.278175
646.341786
669.388496
652.910894
646.657233
655.293657
671.105217
668.115978
683.380418
679.417146
690.030329
683.366382
681.774195
688.929324
691.060921
678.279732
680.018460
696.255304
716.719812
720.863346
734.979179
735.921098
762.121886
738.814397
728.704526
718.831441
714.852700
708.881244
688.589445
685.051456
683.390375
681.506674
683.284908
665.283555
658.067278
655.566458
647.434598
646.076068
648.271088
649.376903
642.244866
641.543091
637.999212
636.990716
632.388138
634.512501
640.950657
643.440624
641.007381
638.037346
626.445387
628.585630
630.217780
644.807505
625.068295
640.783605
642.251817
631.072869
638.189028
635.761321
636.545736
640.536409
642.804616
633.842368
640.528832
630.982804
634.308431
636.984747
631.814715
623.612351
616.763768
592.034683
605.123963
608.332723
618.635864
617.809580
624.149900
620.205565
624.333983
626.440462
627.894306
615.818884
608.720520
598.331415
582.603662
577.514485
580.572439
579.403074
580.426600
566.917378
575.556093
580.577989
570.981780
572.249343
566.996727
536.744876
565.509404
571.320474
589.922530
577.663154
581.104273
588.937187
578.059579
578.799996
566.443889
555.928423
564.110246
541.255795
536.603926
546.858177
538.297088
525.568954
519.496443
505.712424
489.565811
495.104961
485.887408
481.054757
473.018129
471.000706
463.817199
447.235012
458.700714
438.067705
436.783597
412.125425
407.259914
393.668231
381.505058
377.186207
375.531847
383.523029
394.570805
421.027022
439.823333
443.675098
465.764153
459.615853
451.223343
466.409610
481.375437
481.000643
493.926464
490.949255
480.049520
449.750641
457.834780
443.889331
444.873319
449.943008
438.883145
430.157876
423.773923
415.739238
405.964241
390.721155
384.600470
381.258524
365.839179
357.999617
372.601821
350.924072
345.466020
344.835842
351.643973
366.895032
387.569794
385.940338
374.503089
359.484868
374.274353
386.863025
410.899994
424.424190
430.262613
447.395233
452.562869
460.963519
449.911393
445.168700
441.691593
479.448337
494.325987
480.471209
484.025050
479.650171
506.588022
481.699768
495.165605
473.450412
452.922493
435.800595
423.565303
409.143753
398.584630
380.364041
373.159497
359.398907
340.342848
332.235253
343.398400
340.045212
341.791897
327.804668
351.169236
359.573696
359.613479
355.744538
362.706621
393.832565
397.191115
414.235364
415.851467
418.593347
415.800225
414.880675
420.955020
429.424698
422.009225
411.463484
410.186717
400.106536
404.010590
412.910051
404.416574
407.635498
413.820513
402.926683
412.385137
402.778326
401.766836
396.545906
393.458684
376.088995
373.855416
357.444905
337.528187
335.868509
314.936424
343.847906
322.279958
308.296828
329.914017
354.591238
345.982170
341.428925
352.375607
318.245345
319.795107
278.792037
301.596414
310.243614
317.783894
333.690784
338.135475
329.909762
343.466193
357.949100
356.448124
334.568538
330.931062
347.286358
332.682631
310.881818
301.999865
285.376162
249.384934
209.833573
203.330485
191.765069
213.722551
224.098679
199.753954
188.649570
180.539297
183.880333
189.003610
181.126673
185.312165
173.132589
187.043256
163.705692
175.242543
168.013015
171.443292
182.062463
182.099882
144.437388
133.300162
114.331215
124.290098
124.907983
108.531693
124.615164
119.396521
152.343696
148.398686
139.754141
134.876169
137.860109
155.087425
133.659286
160.004408
173.250211
176.659216
182.539800
191.269268
199.098882
205.943259
178.746400
190.602833
162.135218
154.678591
175.496974
181.264521
191.667752
169.285858
176.829965
170.173405
188.394668
177.269394
175.167297
185.671273
200.435311
198.815576
195.158911
219.125094
198.998382
202.359775
205.784627
221.665045
255.447198
242.973919
258.625419
251.386064
231.606621
224.075136
218.444551
214.729396
206.274930
217.496659
219.229020
214.226411
219.010843
216.516722
211.455358
229.291810
211.263106
206.505362
204.692426
178.190508
169.162980
168.622739
172.711353
156.631331
147.769024
165.719022
145.430644
123.075893
125.022677
110.730618
115.490402
102.642227
100.703833
101.700998
86.664305
106.353941
99.094265
111.871113
117.293815
106.773247
95.673179
93.971644
72.405376
85.331670
82.913776
103.959041
95.276700
102.489674
121.428550
139.125828
165.078850
160.617437
177.906705
174.920958
204.342462
216.746036
259.234455
276.912289
272.222874
237.700601
183.617235
200.443942
220.710956
221.521451
219.836508
159.149760
137.611533
127.755786
110.397197
142.542999
86.463669
98.072449
85.572762
86.723252
79.402639
68.620336
72.398991
67.370483
75.141285
114.240641
105.591623
86.625523
105.947727
118.973798
114.769537
120.876020
122.667487
114.164128
101.562214
96.914581
80.501746
79.548946
83.633735
69.122879
71.345436
92.638816
118.640087
154.229923
137.685471
143.776726
141.892022
159.808560
153.175787
167.925254
157.520091
173.248511
143.177840
136.506406
133.028893
102.964961
76.124275
71.775253
71.066124
81.155594
82.558905
123.207660
119.222239
130.166162
117.808867
136.325418
130.091919
128.795935
98.428608
75.423950
91.958837
70.685925
74.549268
70.372302
70.746362
69.832959
72.310533
83.629576
93.456789
81.881618
88.003586
94.009035
91.405001
97.840809
118.962506
125.510632
139.603820
125.493059
112.016006
115.425634
105.769934
95.112774
103.387183
119.636983
130.097868
138.494679
144.888062
159.057964
185.410451
181.289805
191.031458
213.879713
220.811022
229.598107
211.335991
199.028379
202.164689
215.168740
214.414122
220.648713
275.367630
314.604523
310.378331
292.510357
294.524412
299.400363
306.818532
294.977452
290.378733
259.848391
267.647686
286.538803
257.959681
248.980656
244.356631
233.824764
259.159634
241.441013
243.317691
233.282664
213.677241
223.854156
192.783808
225.685706
203.543042
234.136874
240.706498
261.673213
272.990457
266.205684
301.031865
312.648842
302.588061
298.934324
330.705121
314.363505
323.215517
313.256736
318.418378
294.090988
317.240173
314.208960
276.456449
291.759672
299.236370
292.128283
275.469472
307.725463
276.126696
261.175057
265.077327
225.038127
219.248948
220.546806
208.011098
196.869389
193.210073
207.189301
148.316690
116.322866
96.043438
74.497159
76.302303
69.664997
94.803959
131.044143
128.991875
176.867783
183.302105
151.618510
172.390898
181.232397
258.235099
201.306519
195.800735
201.374269
196.753528
170.599009
196.949635
136.638133
178.591767
140.064324
142.845914
113.579158
126.920951
104.832403
114.136893
104.185769
136.652406
169.594699
163.751481
206.051504
221.481270
239.147903
196.798046
235.714503
246.507942
256.442975
258.784358
201.004479
192.946047
193.806957
201.660781
247.907842
248.334682
139.438981
149.059075
104.740008
89.822761
72.496590
85.378116
90.166630
101.557221
81.991697
123.341768
160.369534
189.094595
170.406917
182.313916
162.157333
151.397256
165.727529
145.131156
152.684805
168.229193
178.766873
158.336968
177.995726
175.123214
184.835800
183.190711
193.262161
221.382025
249.489230
227.574736
243.507280
238.956338
236.869813
226.299284
208.719538
199.000222
194.349676
172.707287
157.215912
161.638893
150.661724
143.049364
143.619424
135.352134
133.031895
150.646599
155.270337
147.219345
166.594768
172.775165
165.982809
200.796010
195.814295
189.872332
184.729423
196.532848
200.015696
204.872211
221.286744
242.304687
236.036741
262.525714
256.533732
273.740516
273.619878
300.164917
303.205874
287.924143
314.782861
325.418501
370.135778
398.344879
407.157170
421.089291
426.004779
414.914412
404.576883
402.768131
382.895165
374.524943
372.896190
370.992951
359.145503
346.322713
356.568476
338.605965
300.050222
321.527457
295.506160
301.279234
289.809001
292.685695
277.007446
257.068658
256.953725
255.521903
217.712377
210.882218
197.792714
193.671903
196.319263
185.612599
155.723754
150.993689
170.110520
179.197598
171.006091
180.208810
205.283800
215.684021
202.071035
197.369407
187.573600
141.927973
140.073168
132.462639
90.586898
90.342786
92.034981
89.225983
89.193125
98.664348
100.640691
127.333455
155.657780
160.128701
141.778332
166.418807
184.896965
191.084294
190.790422
232.647269
178.102550
209.731724
182.638669
176.428972
157.412857
140.597496
142.898088
114.688259
97.556832
87.673662
83.332358
85.574698
93.183306
77.228564
126.623643
115.012804
121.085925
164.911245
166.975253
174.281666
183.766355
207.552478
192.769056
195.922031
191.575951
182.528925
184.331481
169.810408
177.508221
161.618414
157.237287
156.911760
158.059848
152.318706
169.503285
154.122329
138.928444
127.199652
112.667272
111.597636
102.998136
101.718789
111.703244
101.557294
110.956471
106.764363
116.811829
126.211311
131.620650
132.442481
108.064428
100.049407
93.989832
89.689622
91.347899
94.627164
91.170555
80.139172
77.169914
77.876203
78.268603
81.676115
76.050099
81.163475
85.308537
90.326932
122.374153
123.773638
126.581914
139.619285
139.671136
140.721080
158.069829
187.474493
171.998394
196.999275
183.135943
182.072376
228.055377
221.284363
194.043178
204.285988
189.770370
175.775896
217.950691
207.580218
222.352124
192.498871
190.918818
211.143759
193.650394
165.312560
101.273553
77.621485
71.442050
72.619281
71.568414
72.032445
71.600370
75.332025
75.612846
80.309312
84.709965
106.305413
86.552177
102.486009
109.670193
94.724420
92.772313
89.388815
72.622241
78.786334
81.205794
73.320595
83.038264
79.143574
79.253975
77.174748
88.121158
77.642290
76.477927
68.627524
65.828372
69.786072
75.760468
67.003828
69.851782
68.111169
70.716956
70.387437
69.084089
71.016999
80.145882
79.521028
70.634802
77.704708
80.682221
82.333839
97.293007
109.012651
112.430222
126.834282
133.704317
147.806140
147.109686
149.645309
149.571188
152.662026
156.994063
147.779154
164.443885
143.349574
129.060720
147.404100
127.858476
133.434285
145.573050
144.482392
138.173839
139.100389
131.938934
146.476308
152.516384
174.207954
181.538855
201.994034
214.196695
210.367594
205.239074
197.593479
178.095850
167.329978
142.841853
146.186240
164.768167
157.191168
180.592487
155.580249
155.777917
144.912208
155.942435
143.567971
155.881893
143.606444
123.192317
117.449387
97.871313
91.990539
84.236079
85.368897
75.951321
73.912737
84.360433
75.620127
73.759652
83.242841
86.160880
94.062652
84.170050
91.747921
88.845700
97.602628
97.893905
95.608871
109.844154
108.429891
101.062457
94.295644
76.154610
80.587560
69.790444
75.794039
90.725265
101.515720
91.553728
88.213647
83.164860
86.059344
81.836622
82.816836
79.741280
86.636156
81.015015
78.840843
74.788885
71.366891
69.946720
77.238725
75.571051
80.047745
93.683105
113.392840
99.332293
115.583310
140.739974
118.460947
134.168510
126.978910
138.781559
186.058432
147.129209
133.640994
157.232318
152.165162
184.537548
161.117204
190.136196
201.242676
183.564302
212.912567
170.155995
104.768187
114.210149
109.365609
91.873824
87.870741
90.564435
74.623891
72.212054
73.227818
80.133332
97.795155
138.014706
151.556183
161.995085
191.029615
171.151706
195.202315
187.921635
189.852408
214.162386
211.337621
222.325031
192.075835
219.641444
192.831045
219.460958
213.923956
223.971803
253.694148
267.796642
255.892265
252.302250
257.204289
264.200040
262.269479
250.739686
247.105668
261.006125
264.512719
255.465991
249.463928
251.560557
260.967953
287.967497
298.660117
284.646514
276.668838
250.477644
228.065697
228.989438
224.547685
228.657394
210.693744
198.780753
186.722012
186.534582
215.360044
229.055149
237.542396
211.537274
181.170311
185.097103
180.735099
190.635980
193.065639
190.095154
218.375810
225.617100
259.709007
256.011468
251.664458
249.447449
244.556941
254.124996
256.021310
268.441716
251.449119
249.921419
256.454589
255.022277
270.729212
272.897941
296.652709
292.626379
308.319510
288.108390
262.725484
254.086679
256.700321
280.650959
292.007601
291.600514
292.142863
307.964913
324.500850
312.963185
310.954476
327.394896
325.332115
320.830074
336.443241
317.312898
331.557348
315.122554
313.534931
323.961299
335.421283
327.386423
319.865298
324.325393
312.594771
312.716315
329.121123
354.122176
355.369156
369.012439
357.729959
343.815485
350.522803
336.372276
347.578500
339.526082
345.016285
343.921711
350.083856
328.398220
355.028041
364.923097
371.730882
371.414940
384.512211
377.954527
377.591451
374.882803
352.291466
367.195158
358.134458
352.125450
332.414063
325.594580
335.902936
327.795839
327.682132
304.522031
342.644151
323.377372
311.540571
316.047986
313.221692
325.576844
341.023412
361.708712
366.175603
378.787907
387.196316
380.308269
374.286627
377.488222
373.965321
380.453697
376.897002
381.663755
381.800289
365.125283
390.111701
405.551302
412.180796
417.436572
431.843219
463.837166
456.985185
438.046896
425.548286
426.224316
436.863649
446.097041
445.972379
469.695127
466.894030
471.599177
475.588631
495.070960
506.848350
502.448021
484.178697
461.043605
442.696238
448.329882
449.511114
449.080233
450.609572
437.493958
444.751768
429.379378
432.598058
438.253112
451.644068
446.913548
465.677379
468.897122
459.258253
475.523275
470.396435
488.547328
468.805144
483.211425
469.503863
493.083740
490.087342
489.373392
483.329184
501.589507
515.163028
523.087359
508.115124
510.515576
551.059834
557.124151
540.043861
516.732783
519.775995
505.945361
516.605076
515.323317
516.880650
515.656162
501.670629
507.896110
523.510726
550.117337
554.477144
559.380433
584.379780
576.405734
590.041067
643.738345
656.653852
698.075768
725.817417
744.220219
754.688334
765.923721
762.600800
786.678534
784.004400
791.116553
779.859216
770.946219
769.661537
760.655803
738.620636
718.203097
716.792181
704.983537
695.140614
702.855874
682.668576
673.647166
687.683648
672.699885
662.020895
651.522369
649.983788
646.738048
649.074053
641.229497
642.453410
643.240199
634.796065
636.603674
630.233807
632.646886
626.130859
617.816246
618.501184
629.099946
627.377518
616.766710
614.787685
629.485918
637.623867
634.128336
639.757782
640.764311
639.197038
640.042581
646.864257
651.171237
663.349846
665.955026
668.734717
676.135976
680.053632
697.501227
701.279572
716.150393
698.229737
694.174046
687.149165
691.378225
701.280139
696.131818
690.580793
685.478208
688.768747
682.050834
682.321170
705.888154
682.587608
676.624644
668.360396
674.521268
686.272419
681.778320
709.558965
714.227375
708.550137
712.930820
708.951240
688.964666
676.192764
675.501657
664.750574
662.014827
651.257430
641.381980
639.523227
639.288902
640.792682
639.027633
650.035548
653.692070
664.687323
687.481185
687.557812
684.107532
662.627158
652.189232
658.466556
643.739473
642.974959
645.782964
650.310187
652.487289
659.234129
653.922898
671.638032
668.570858
673.132977
679.339696
685.922375
672.543861
667.444906
666.624577
673.743938
676.714364
658.077928
679.240148
665.790111
658.386666
653.128625
647.673918
643.302857
647.584446
635.649237
641.301960
648.063563
642.075790
668.492618
677.777981
676.054244
681.012929
673.494914
669.011280
659.663969
645.128280
648.795069
643.412217
636.834127
635.062114
620.805489
607.846666
586.271871
590.767700
612.301326
607.656761
601.136692
599.480942
597.783662
620.415786
613.510854
596.092208
591.264452
563.939458
563.928999
593.175876
597.129300
602.093508
597.412464
614.696178
613.543603
617.254045
616.752998
604.299166
584.414914
585.682125
541.899005
554.975222
557.134528
551.391924
563.789829
555.310729
562.404766
550.273449
563.069645
573.669903
592.349128
601.361327
574.436552
572.434856
583.337818
561.750207
536.881848
527.975459
490.633467
502.060563
508.735672
534.972071
555.166916
589.983229
609.363269
615.084803
635.616202
619.630989
616.423248
622.255953
622.265409
629.393098
633.676886
620.187566
596.750893
615.327296
625.134405
634.600838
618.472806
615.473688
627.502398
627.685486
630.239587
629.685424
631.703975
631.408975
621.442248
620.065550
624.092307
631.839143
612.076255
640.710460
639.589174
650.575661
662.068482
660.201871
665.458846
685.250622
684.637223
683.692847
678.336125
685.190553
684.737299
672.108435
675.821045
667.337774
666.715605
656.261737
645.283342
643.922794
641.450278
634.045172
642.119075
635.608622
629.768177
636.744714
635.758824
635.333289
642.026320
659.495287
686.161218
694.440178
722.507413
728.619321
736.718713
722.689917
719.490817
695.445382
681.079415
673.710395
687.548056
667.548131
684.987613
671.053674
678.475031
673.244141
667.498207
655.918745
655.308002
652.392457
649.409823
645.147686
650.365645
641.728685
634.091395
636.142267
634.793870
625.821862
631.503550
620.919038
618.973105
595.030751
611.243236
604.629724
627.449025
638.808377
648.400684
657.903244
686.679529
683.363400
693.409276
709.837303
729.174028
753.831646
766.348250
785.829957
799.702351
804.253906
805.676943
776.030195
794.039084
786.781665
763.255563
761.948851
758.817627
751.734428
756.995639
755.382941
746.240200
737.324068
762.899962
748.506047
738.144601
755.788067
743.439081
735.981075
706.571709
732.570544
720.785514
714.288991
711.424587
702.046067
688.042643
703.290019
703.787680
708.576729
701.810954
670.855401
650.628403
647.563290
662.060020
635.910273
633.340915
636.843673
646.582210
672.201036
676.269376
678.375690
688.963177
712.524189
713.735569
700.364292
719.176171
718.882129
713.915202
730.769874
746.182526
738.122535
743.503602
747.128447
748.449720
742.855174
738.291117
731.116385
733.643136
726.216695
731.579309
740.781354
732.953741
741.219079
762.859002
751.695915
741.365202
745.451017
779.628040
767.715319
788.438438
782.712035
781.556544
757.329147
739.202455
736.922970
739.065444
733.129764
724.645980
719.328137
723.837650
727.438892
701.981157
705.438719
705.351500
698.552709
696.075774
690.609980
704.613175
686.534928
682.090567
708.726371
675.548454
672.462662
665.687082
694.324045
698.098943
718.633957
738.118554
749.751896
758.591583
748.256890
774.821035
763.443622
746.149795
739.930678
745.792959
746.179493
747.434614
745.782259
738.335451
725.766307
758.989753
757.367488
772.612751
768.795817
769.493564
770.462921
754.042716
750.817402
736.273609
730.044804
736.968602
692.939092
721.316210
738.207203
718.835940
710.861597
724.604507
723.792840
722.359186
733.904675
708.810523
701.871487
709.428919
682.798738
675.460298
662.206142
650.855972
645.410429
636.048332
634.801845
624.458770
624.546749
623.022522
620.322917
626.086559
617.513251
632.065253
607.706276
588.903574
575.756499
592.452973
597.360729
589.920510
606.934849
615.646130
601.941174
612.812915
600.062067
608.356904
609.203030
610.525109
593.574552
588.815788
593.193101
596.262489
567.286380
593.795294
606.919086
605.275295
614.858152
607.185765
602.276275
617.671378
619.434372
623.180582
635.686537
635.246643
612.209379
640.626641
629.205528
617.882796
613.297563
620.603862
594.649453
592.607187
595.756071
582.429892
570.722140
551.424175
566.236803
519.612992
516.631189
505.760263
507.051166
513.457148
509.470848
496.004893
488.234818
476.364178
487.227898
496.665043
491.301731
486.527394
500.338496
500.800800
513.077340
497.667024
510.049910
535.121447
499.256274
494.157966
508.847383
490.318078
481.578435
485.425149
470.608852
454.076879
462.921151
483.935375
522.708626
517.521084
539.927402
521.888838
515.831756
553.942462
595.576565
621.341626
610.153453
629.012225
633.292886
640.228511
653.389016
665.514549
650.372829
641.479033
639.447684
645.679037
649.147856
650.141141
660.408977
672.122821
700.184627
730.665828
739.896136
749.176059
759.462004
765.262033
797.513182
771.679825
761.805682
741.426232
751.834185
723.755677
743.437899
727.666518
711.476595
714.301987
747.906831
741.410623
738.922295
711.907314
722.941674
692.488456
689.487612
677.601725
660.850463
678.590922
663.833565
668.417317
667.266042
676.810508
661.370800
651.714938
646.663117
640.843229
632.867750
618.094829
612.511251
604.158591
615.310893
607.606372
584.528979
584.780131
570.350383
578.226312
570.725614
548.338726
552.422009
544.163481
556.769544
561.599245
561.620794
564.447319
568.686359
543.487659
530.941211
528.836098
509.335339
521.273524
522.058356
524.556192
523.766806
537.924184
523.059853
528.291184
536.847439
505.805788
534.111611
501.505684
531.110180
511.556601
527.218537
574.074801
577.373944
572.205619
593.373698
594.490023
593.633183
575.622408
554.689015
531.603575
522.220468
546.619283
530.640863
523.088693
539.279692
537.707735
527.878928
487.892417
501.877090
484.556480
492.222953
481.226679
481.171814
479.347685
452.347794
459.501950
457.634553
481.037282
449.778440
441.935088
442.995460
435.704302
435.284649
432.939054
445.239375
426.353567
434.283688
425.342766
422.696047
408.479168
408.321614
402.265067
400.696784
396.467679
391.762719
395.199395
395.708374
385.552106
378.037498
375.528296
371.440034
371.651612
372.491877
371.771471
365.038460
354.675974
376.085650
376.034009
340.703010
346.280694
357.041453
366.282970
371.288416
363.914855
379.099222
386.569838
394.095656
411.730479
422.815055
433.389669
434.357384
427.007777
424.748060
439.252394
451.168369
445.260381
444.075948
448.215598
434.461557
461.717874
450.668733
474.264633
474.933075
487.809769
503.159559
504.941678
468.275933
510.373850
508.381881
518.667645
537.479001
523.086144
539.004026
544.021356
562.649872
550.852117
541.677926
570.457899
571.159225
612.534901
610.167686
635.187934
655.121717
677.871524
691.626905
730.045117
713.582932
727.634896
740.238121
743.692754
749.986485
760.789813
756.600773
741.824335
730.001282
723.376706
714.460293
706.487296
691.666753
676.172573
675.153142
662.645802
646.178013
650.958770
644.714423
632.515530
629.484103
621.600711
603.255892
556.179263
567.226941
566.312496
557.893270
546.612405
553.168591
566.828320
571.493767
584.208678
574.743603
564.113677
530.934727
528.921040
526.594846
523.282401
553.795029
518.843172
531.688843
524.911231
507.230368
518.264614
499.785806
551.966051
555.142011
563.275818
540.532757
546.014356
510.544041
489.517762
511.880013
507.812665
502.447143
500.045788
499.641289
510.582480
489.493608
489.505673
513.584232
518.809499
520.339523
507.355877
504.702648
510.103362
496.821436
511.301022
518.620765
480.699798
503.744291
492.675917
500.638087
499.500913
461.630264
458.970000
489.411244
459.469373
458.851090
458.882458
434.579272
454.796849
441.403109
433.506285
420.260697
428.625584
422.769210
432.056703
418.564850
423.530484
408.729234
401.852562
401.286175
397.969042
390.108321
386.217002
389.340121
395.183091
390.022748
392.017614
386.399670
392.792217
387.719118
377.279258
389.856800
390.308097
380.393221
386.819075
394.817611
398.444432
407.176002
401.191936
397.394250
395.048880
398.539054
388.919842
389.345360
385.958950
380.293114
375.639791
374.243593
365.663726
364.701483
348.372843
361.944404
361.426233
363.877293
378.366099
354.998544
363.210055
369.443246
363.818529
352.909494
351.405412
344.990959
349.916553
328.467887
317.536762
305.941477
283.389264
295.982753
275.488079
250.465945
238.937345
278.569081
256.129477
272.027978
289.983723
303.430540
307.397797
316.996389
315.621792
290.921450
315.371355
274.390294
247.559444
247.247099
234.649821
223.069014
227.200044
206.996366
220.178619
245.281581
260.268361
231.582528
229.735283
218.702254
218.622756
219.120634
208.669127
205.873059
198.869885
182.817712
170.820776
164.761323
182.365554
163.597543
172.206858
185.931060
180.796287
170.933908
179.831104
186.870349
177.223046
191.904303
198.719164
202.815440
205.327206
219.897541
210.292883
257.347334
236.638242
243.634201
268.950298
270.848345
260.616239
268.136804
266.155775
272.094301
270.800138
265.847821
275.650929
298.300272
296.206300
308.010824
312.354309
310.077462
316.849486
319.954548
313.561545
333.204780
313.860524
315.584809
288.279426
301.543761
275.402600
285.084435
276.050422
298.977481
285.335692
288.653655
282.398394
273.855734
252.090985
279.967621
303.442127
300.233432
306.805113
327.700881
335.450993
320.451299
345.770120
339.426305
327.063811
342.338810
300.584993
343.182287
334.711059
338.144279
331.062152
298.392428
318.981515
308.763755
298.358747
290.072759
331.325347
307.882032
314.629628
322.299422
308.960724
332.564277
329.964516
346.805143
325.073143
332.688337
332.111930
343.208252
346.745440
346.640931
351.265189
372.464810
385.660415
403.007125
404.579213
405.109596
422.744815
416.890404
406.106758
403.486617
404.341266
410.419353
406.030182
397.415114
406.011650
405.469145
393.989855
401.874996
413.183244
401.866285
413.816678
406.754639
414.876637
416.282174
425.718875
426.968713
448.476944
460.082139
466.691816
470.782959
481.553095
495.425475
484.354710
470.728260
452.242597
520.325216
490.386429
508.561528
526.722035
523.802637
523.099027
534.424919
525.153507
525.398658
513.780773
500.939331
523.812087
528.308004
540.650340
541.085008
528.607419
547.916723
559.513300
532.822516
545.019657
546.822668
532.966993
576.440762
571.862012
549.454025
560.929206
544.095573
558.284512
536.080261
542.848536
544.551232
552.638229
555.400416
555.685100
563.258887
599.856668
606.182536
613.530722
621.770100
620.918512
620.149719
613.579682
610.343137
613.147189
595.939655
605.530351
599.613676
614.896477
624.115439
617.259616
619.660916
624.727034
627.591773
611.270314
623.151205
627.084676
623.443605
620.223618
635.004700
609.588549
612.136702
619.772408
617.367435
610.258105
575.345827
595.721856
597.292560
585.696859
570.817888
543.037845
534.156663
546.506131
532.618357
520.800294
502.708785
474.049866
459.911176
454.936168
438.441804
418.441717
393.601881
370.172126
375.209877
378.044029
372.449331
381.872911
366.134810
348.465753
349.774214
324.381609
301.860996
307.690182
277.143461
302.081874
259.588613
276.415590
300.534778
297.661414
284.513696
284.532442
294.384873
285.804762
318.289868
324.332773
314.445511
295.738772
295.305703
275.298218
270.377664
273.996247
298.996626
274.314605
255.876446
248.375651
245.166482
251.007917
233.486181
232.770825
211.798476
194.613063
178.533734
180.335088
182.272027
191.048128
187.836175
184.815874
182.292014
164.124209
157.798283
175.032990
156.607602
155.419389
145.545805
131.795172
134.445140
123.009758
119.642433
114.029596
111.054953
108.897682
106.152247
84.839742
82.840098
81.848052
78.160587
78.772952
81.607287
83.660465
95.782718
111.025863
99.757150
129.107252
139.842276
181.454087
189.623598
220.459022
196.445803
256.830896
201.467966
261.511318
216.345454
211.289822
198.597467
232.877128
197.402529
196.283888
233.407374
186.704290
200.454419
174.386045
146.446945
156.372031
152.615868
148.076244
135.758014
150.761907
120.042961
98.155150
83.877148
84.635822
93.351397
81.397695
72.646178
69.491504
70.437946
66.243844
66.115151
71.969800
74.773271
94.327193
104.488066
119.265566
130.999528
139.530487
139.977945
136.942384
140.756537
151.799817
160.232218
161.873961
177.241063
168.689165
167.210268
174.395064
172.824455
162.964454
182.874109
183.248734
169.747612
173.389127
189.748525
170.135631
193.029001
201.557888
212.282282
244.014394
230.281908
204.689348
211.569249
215.451998
215.964871
218.621327
196.235873
189.788243
210.827642
192.519195
187.803477
187.224629
187.955806
184.557086
183.079018
178.274900
174.156673
190.727640
201.177170
198.696030
187.016646
184.320802
196.664339
182.797922
181.554288
207.183026
210.507942
203.557709
219.783012
187.435588
174.834861
156.982189
151.328064
165.560649
149.427368
136.003364
141.729504
122.849602
126.053908
128.026251
135.540170
137.004161
146.235606
164.663474
153.659029
143.535206
142.636255
149.327747
144.116061
133.180445
132.005465
128.086448
134.104100
137.719648
147.825520
161.224533
168.255181
183.243926
168.210496
169.539434
169.016157
186.975506
200.810279
195.486142
195.216165
205.497388
206.254745
201.184448
196.990314
207.282196
206.640008
202.381870
241.971861
234.748536
231.937171
217.083001
191.968272
179.126720
160.297333
153.806971
155.398737
136.128280
132.941169
111.538226
120.728630
126.753703
135.734793
166.187245
182.860970
199.933885
210.559047
229.674050
220.349319
215.281600
229.360145
249.644073
232.055638
241.241321
232.048966
255.087204
258.253291
257.115061
284.378996
309.032811
316.763180
318.327574
345.638770
334.414181
338.187875
349.680639
339.691958
324.665842
317.965772
323.117556
314.289544
311.838745
311.053520
336.433281
359.082550
359.003040
379.787754
394.654740
427.749384
439.682042
440.379835
440.450888
457.704870
464.134432
452.779642
453.648630
474.452398
458.568227
465.725592
465.441579
454.391054
467.655448
463.626914
473.054748
472.585068
482.054025
490.087896
499.049719
501.623602
512.134688
508.001942
517.395346
498.151285
498.414028
515.032758
503.188727
528.208493
504.760795
505.847083
493.996966
497.430553
482.182638
512.335427
496.798281
526.739078
506.941510
478.426355
474.620198
441.696163
433.656097
429.779177
422.415934
433.695283
443.039697
432.965804
452.570575
434.680888
463.675256
438.576201
443.718264
464.298503
455.564489
473.278737
475.827992
476.448443
488.622416
464.776337
489.515606
483.970973
488.152061
472.379786
494.438704
493.761666
499.946275
507.074403
491.977219
498.969541
503.085392
512.849456
527.759386
533.801729
560.767174
560.372464
572.456863
563.874316
591.576591
567.338349
593.237956
568.884063
587.191307
584.410931
582.053262
548.678113
554.070012
555.311013
554.791391
566.211175
555.283882
554.023309
532.341214
506.719006
496.585421
505.851140
493.854648
497.915117
467.537110
464.002943
458.630301
459.032016
475.740661
479.192895
477.742273
460.250960
462.648516
443.862895
466.755043
432.439588
430.432636
445.113843
422.454170
431.990381
429.697594
439.024382
432.367059
425.077233
432.657360
427.598370
420.641407
412.728742
403.145695
411.782583
402.626530
398.707409
386.419454
361.420061
359.670581
359.140595
348.315249
354.103610
333.017951
321.755092
303.890229
305.594200
276.363022
272.050201
261.367288
260.255361
266.494182
259.438477
263.219445
260.245019
264.406616
285.729425
285.619957
288.168628
294.372001
270.233500
264.032380
280.050471
284.749335
276.597828
278.424136
273.116956
273.215414
261.355462
246.061378
302.284902
295.039337
304.698726
320.296250
353.675798
341.486137
319.512511
322.957607
345.447170
338.987738
342.660735
326.289961
355.618159
348.073538
329.572488
338.706272
308.706118
316.927938
321.355003
315.552933
290.592189
274.273459
262.898215
246.350946
241.734805
240.393189
226.115390
233.485186
237.270262
254.972299
251.163957
254.985599
270.706306
245.720642
232.116794
222.474108
221.750629
210.757359
197.881158
208.010092
210.351914
189.566047
178.606356
165.208600
173.829472
166.198457
174.846120
184.068391
198.521061
181.014318
156.045737
165.013345
135.055633
116.820507
111.443441
99.967148
86.040518
85.248654
85.886296
124.953678
196.306643
210.136400
172.979778
201.964434
196.442579
212.104675
205.520570
215.123092
228.302756
189.490176
211.536737
204.201996
188.974232
149.014355
176.956966
186.456713
207.731608
177.429257
170.706606
163.703206
176.609908
166.174490
189.761812
155.818218
175.521827
204.186138
158.406905
162.231162
159.370789
124.973796
103.812959
105.909394
73.270270
72.334463
85.663035
100.384885
109.433244
130.818655
148.808699
160.363546
145.002702
151.988028
130.225375
118.016413
118.501532
113.312571
135.102083
128.448125
110.139398
107.779419
112.442853
92.838003
94.592620
90.297784
84.742944
77.808826
71.524093
74.016188
72.992477
73.878595
74.992778
77.694780
72.368592
73.941030
85.192109
102.735080
113.691971
114.318465
100.654710
133.874481
173.259914
151.651315
186.806295
174.097408
178.471590
215.646340
254.200689
202.347088
179.337874
180.795020
152.177744
156.750771
141.936154
177.780743
153.620227
139.243520
158.809136
128.781034
105.924085
85.034481
75.167847
79.289280
75.262169
76.269747
70.130095
74.451243
83.978589
124.089617
139.153847
149.577348
149.477356
147.692083
158.677193
169.476838
180.441848
190.838737
209.363693
233.758602
232.017453
238.471463
191.800820
163.452979
144.963635
128.417689
132.070114
118.493673
125.936122
116.410031
106.894994
106.870955
107.252183
103.040128
85.594826
77.311653
80.392005
85.253964
102.720535
143.038414
141.484257
155.101909
188.946974
165.204098
185.538709
233.186211
241.921926
281.200166
236.841171
249.277408
205.125093
179.991994
175.524205
153.020821
166.060643
134.984838
123.420376
136.300737
90.628408
78.252677
79.864639
79.265551
78.189283
69.048829
69.276871
72.766943
75.929626
94.614912
108.508701
112.452770
142.338208
157.333464
185.438085
173.471164
173.403022
191.873969
191.073623
181.123926
167.265364
167.101234
163.283495
163.008027
142.812629
140.122250
126.214338
102.407751
91.605794
79.482902
72.302663
68.686354
71.751133
67.738143
83.950701
123.588394
111.233115
108.999785
85.305644
79.211751
75.351566
74.012768
79.771933
98.281115
116.607780
126.311837
135.690512
155.312307
168.450713
169.642218
167.788771
168.255923
180.714784
169.107885
171.248056
162.097933
185.327859
179.810125
189.674074
184.127645
190.201812
198.883117
189.307813
201.446502
198.929238
188.985340
182.480850
188.591332
178.224917
179.651628
191.907185
197.234335
190.816358
197.393735
220.579522
213.193759
235.919002
231.651869
241.119293
232.356848
223.759103
213.884723
239.857768
240.693147
246.293061
237.881915
235.722747
249.735471
264.279301
247.312275
245.705103
237.772744
259.054491
264.962590
270.512440
304.103156
286.734686
324.140171
330.993872
310.301330
312.141153
315.250072
302.408301
312.730816
276.193015
279.168674
273.612152
293.375812
295.512983
309.143775
286.201107
295.544903
264.814882
260.076443
275.177806
260.979314
281.348717
287.674860
284.562811
265.846816
253.797127
240.841262
259.293212
254.554475
261.724164
281.239235
283.761304
237.914646
241.902674
243.975331
237.900093
208.417534
221.864158
222.836640
201.230065
182.152056
178.280355
139.630287
121.897486
111.550789
105.056549
87.589515
77.362100
80.371481
86.688173
88.633076
87.606330
104.217005
144.733169
106.922993
141.275198
143.553191
202.659237
195.219678
178.699810
198.896764
294.421044
262.680887
253.404941
237.399411
242.001986
304.945375
201.711698
221.379686
211.722861
210.385756
224.671340
188.735511
174.909246
148.699672
132.047302
146.580554
118.639957
121.362762
134.211093
129.564195
120.143896
169.353269
128.393951
90.261322
89.860396
85.589753
78.956738
81.188143
76.644193
82.036191
108.864727
123.567291
123.063101
114.772134
138.322701
156.705188
160.091819
148.479280
144.266111
139.574505
135.640254
152.356920
138.092878
140.348586
123.048682
112.422510
105.167835
86.773216
79.327381
85.568436
74.636122
73.220427
68.536635
72.917305
69.020128
75.825502
81.689255
97.302180
94.883846
105.735582
112.548717
117.699211
127.271610
136.460882
157.032008
159.004120
159.532316
156.491045
165.613414
154.458410
172.253112
152.181412
161.104454
147.374519
148.965143
125.613363
105.853864
89.603212
91.965645
80.283200
74.125245
71.653954
75.446831
94.528717
74.776656
79.806662
84.738038
76.461995
79.052279
82.956152
81.516554
100.010049
126.352982
114.428476
145.894924
170.010015
192.608387
145.639518
215.009363
158.019398
192.433314
182.549996
205.413405
196.433577
209.505250
209.570750
214.912578
208.995084
212.775137
173.138387
190.000813
203.173925
223.594598
148.115168
171.812214
156.822801
153.953989
159.094739
118.755494
114.364152
100.777588
98.988918
82.542136
93.609176
87.358517
116.174267
140.135120
139.220710
150.931294
174.037696
161.605305
176.758629
167.773744
184.695995
163.345990
148.681808
179.904992
173.686115
202.435798
194.304407
182.572736
221.798058
201.661902
178.743235
160.963898
176.747259
118.915391
105.417553
93.715649
115.094953
65.536687
67.916394
82.207869
102.950940
126.748062
164.138693
163.882486
164.030186
176.560465
175.999566
178.638430
185.465889
196.256848
209.351550
243.645876
276.412507
306.585726
334.045289
310.168371
310.984043
290.720122
264.342199
296.747767
282.477069
265.602659
237.444073
239.749121
244.221310
225.691985
202.490468
186.797930
194.718219
211.375960
238.011998
214.382829
230.837369
212.901103
217.253053
240.549486
227.464408
209.320082
172.588664
170.010052
136.751960
138.070185
123.651082
132.887729
108.351916
128.905948
138.517281
143.993557
144.091089
130.185762
136.941794
139.925253
112.316096
124.561707
117.639115
119.567494
137.660094
141.401699
158.436932
168.007560
157.731422
164.024373
165.169415
159.453736
166.836598
156.037139
149.959296
145.882336
143.904162
160.101850
156.970926
168.978826
182.342785
177.533489
183.248541
195.975430
202.368263
220.771234
233.976556
227.445173
222.979395
241.198009
252.612586
267.627733
276.238178
294.189783
310.760453
308.222536
307.576036
327.350645
317.722009
315.625248
317.544470
300.555108
321.027396
332.324474
323.870754
327.854678
315.925350
358.978020
356.957199
359.158503
367.237608
359.147112
357.067682
378.027797
376.961494
367.712836
373.347745
365.526253
374.586205
366.716985
374.009359
369.278194
381.141221
373.457835
372.044847
355.645231
356.804791
348.016818
346.760746
323.990600
320.159365
326.853233
292.503543
294.332155
288.802779
261.889488
253.149193
251.240281
249.210320
231.085194
258.450017
260.583266
245.931780
251.629930
229.398600
213.381264
200.407724
208.815689
204.231713
228.475769
226.690976
233.487123
254.000478
268.264303
296.744436
275.435532
297.117212
298.154049
268.703763
275.434263
275.687637
291.513731
323.840662
335.646355
343.285102
359.017993
349.908050
371.327714
352.482616
365.616694
372.009353
371.693684
376.770377
376.862258
364.098614
368.302206
371.873650
363.595110
371.318674
367.970778
355.196565
351.540378
363.692931
355.643855
357.013480
346.349171
333.646577
311.182123
308.270841
330.615907
302.790415
322.814306
332.525550
337.837929
365.064016
353.064602
379.641119
370.912131
384.639578
378.630282
389.640792
400.443394
412.146942
419.478163
427.644012
435.289277
456.902320
456.449537
456.873430
462.669494
450.181399
454.236588
447.682241
467.234525
471.028117
493.367140
490.266322
482.947396
484.301211
474.746335
477.943998
495.248052
477.361257
463.719323
479.567936
476.676234
504.362493
510.491803
499.827878
529.828173
513.197911
516.716767
513.342146
520.435985
498.004995
512.433870
521.002515
495.397007
525.847430
543.006097
525.581867
553.528692
545.673249
567.954787
579.696722
565.115732
498.857530
494.811345
507.156447
508.341952
513.518536
496.991212
516.362539
533.732113
540.133450
517.589351
517.404817
523.678839
503.987973
492.753452
496.176625
496.833808
500.179671
509.354455
491.488913
490.629982
491.782138
482.825547
478.992266
481.526610
479.725423
489.953401
476.892163
491.175455
477.227905
480.121441
489.111195
524.687022
521.436719
506.622817
522.980279
541.607352
562.038526
573.976144
583.140607
606.964988
594.512585
597.571327
596.368066
603.522025
577.775354
608.665186
618.815663
610.440873
618.176043
614.521779
616.284347
621.014179
604.972006
614.285343
605.673433
617.579157
609.749509
622.390385
634.412700
634.607203
642.824152
641.498173
641.420374
640.149818
646.830229
638.226528
653.829633
646.267429
653.523418
660.331509
653.993394
659.318535
659.053026
648.034503
648.265753
652.897471
650.754933
642.505112
642.553011
641.293339
646.962867
643.017142
643.809732
640.971828
628.736454
620.823378
613.895510
610.438478
592.132371
586.572068
585.526030
571.658483
568.991074
537.091674
530.985298
537.874312
508.458765
535.306450
498.912647
505.298984
502.614398
512.587487
512.252753
503.759179
494.790021
481.558554
449.748172
456.986887
451.115138
462.395129
459.563882
465.366211
482.728512
478.064387
496.410628
486.812033
517.663057
496.288795
510.214840
485.460837
488.397496
485.396140
482.600980
468.736797
466.697279
453.978905
449.655913
454.192199
460.879392
453.494310
449.370830
446.089595
437.861387
448.273321
448.249469
468.521506
460.225705
461.015353
467.838088
457.817615
462.869179
452.897826
465.678811
473.683109
458.262016
452.456057
436.708285
442.991011
444.147853
451.103245
449.361119
448.168301
451.216100
438.238994
438.547131
424.671876
434.961663
431.871398
439.838464
438.378466
439.613817
428.624272
425.868720
436.668826
439.838807
436.703582
469.080470
474.283138
480.861215
483.914713
480.354478
513.134451
505.644615
503.810231
493.815565
475.458597
457.758434
473.329036
456.911929
453.870351
442.600932
447.453539
464.351425
458.783517
441.250967
465.511282
468.518684
469.639089
477.053730
453.206810
464.462570
451.925261
447.021525
426.670901
412.673623
409.688279
400.433405
390.205317
387.117597
376.696607
356.900326
372.305066
349.476057
354.505353
345.322360
330.793764
331.776745
338.260808
344.656026
351.251761
363.331229
334.915238
342.734888
320.356100
329.566621
315.544432
294.959278
290.593406
280.070655
281.755005
290.667657
291.609936
320.898581
275.995285
272.325120
269.052971
249.084260
259.536379
230.106302
232.598890
249.255553
258.747816
243.416148
264.903774
262.152340
271.390455
247.728177
260.273387
261.115611
251.575980
246.956727
215.637242
199.977978
182.329468
191.940968
182.415638
179.917714
186.829535
181.566953
185.775968
195.191170
178.317335
181.655466
178.306660
195.992300
212.778460
217.326419
216.213945
254.029983
273.907104
299.669623
288.263641
307.677111
299.695412
294.606621
279.053963
261.563260
256.239362
237.825025
236.293785
230.243015
236.468469
247.164286
253.723030
258.301067
285.497969
271.256108
293.676352
274.492900
278.261194
291.024435
324.148391
339.950772
346.948959
339.534573
349.268388
352.432801
327.398157
326.829888
313.827986
284.100453
295.652397
323.372238
339.815494
307.739181
312.680545
340.952181
304.086536
306.632237
294.477973
282.536499
259.535607
254.853567
261.412705
250.836367
237.284776
227.365202
228.517462
220.414876
195.703206
200.518683
217.779169
202.856797
211.318175
208.631191
209.337690
195.535217
189.700791
209.497999
179.116616
171.130666
191.195863
182.890613
171.881414
177.814761
194.035476
194.290253
208.250556
196.182375
221.214990
217.785084
215.138525
204.165913
204.954483
218.448319
233.011971
229.763096
226.137762
210.558342
219.425689
210.891043
211.854697
198.997095
204.344937
218.013140
213.391101
215.446610
202.660483
219.395776
205.204049
232.038791
248.821263
268.477509
274.430328
283.598150
292.214521
283.492841
304.816587
269.736643
294.863004
288.535522
284.565528
292.820825
290.494356
304.658398
307.506076
333.276527
337.831094
344.453075
352.695873
341.440896
327.424641
314.045295
313.118643
301.403350
313.354694
293.463827
304.839080
295.431538
276.595833
273.954166
270.125836
260.646830
258.177167
243.247293
237.089444
226.792518
199.696304
198.962869
206.124332
191.661097
179.473923
182.500924
189.648518
179.773122
158.339605
151.284341
141.725812
128.538329
150.052050
120.933827
138.773722
142.619427
161.168400
157.734196
172.579325
171.794855
203.447298
213.222706
214.306763
221.802592
187.817371
210.544220
188.497081
208.233891
221.009078
236.315403
227.461091
215.152117
179.757880
159.730056
138.246030
116.214080
112.168322
88.073797
73.386513
68.970644
69.141108
76.580626
85.228123
94.512064
117.673541
107.617952
151.291612
153.918373
142.134661
133.701546
189.108974
97.362999
109.834567
68.635190
74.674818
84.485913
125.131245
147.233746
164.605738
175.069185
184.274326
182.532955
183.329303
177.354843
190.317012
192.404191
189.164879
195.937183
187.309172
183.102777
183.139511
172.672963
193.293076
172.017707
184.111719
165.923979
175.054052
179.595581
183.025239
174.642355
191.954319
185.768826
186.417882
187.099166
189.998919
184.972154
184.997981
190.943270
190.503236
201.314375
213.442606
229.857322
229.531203
227.422511
225.979821
202.004939
211.733254
223.954467
218.884170
225.749650
262.192636
282.121704
290.126242
299.439605
299.667550
335.512128
333.938554
297.676946
305.657315
275.442031
319.153652
293.188419
289.477933
324.771371
328.553069
326.104637
350.038132
330.609587
355.560182
338.945520
335.921265
320.583930
266.077379
220.818967
214.677531
224.200478
249.363002
267.622080
225.721806
221.713200
188.646180
224.291072
197.799757
232.831320
205.926202
218.830072
230.067609
206.105081
211.385483
188.481551
175.158149
181.607652
163.654709
164.825058
136.412455
141.072861
151.293091
113.200438
100.418803
91.699025
88.761660
79.879505
88.106324
94.358257
99.599295
128.446856
112.607927
135.592111
151.577609
113.366973
110.344577
116.988136
101.539898
104.027536
127.340165
140.155411
147.248525
170.367664
155.219795
187.914014
159.110230
156.472916
190.767700
228.889536
259.549217
153.514549
173.922527
165.503767
197.359253
190.166784
213.919623
176.290971
169.262359
175.948074
168.576500
142.214113
152.061560
135.008366
136.346484
83.757637
68.871727
84.838063
101.561256
119.869819
141.943275
149.627241
166.300563
171.158109
145.179744
139.652601
141.683549
153.893916
155.270417
161.140635
174.086837
163.872556
163.758264
155.926626
155.476293
132.922746
132.519927
126.309455
114.397573
111.490266
133.628029
103.734130
94.983779
96.790719
111.452841
114.786652
105.498529
90.609769
85.517871
88.256112
86.594374
87.255421
90.298020
87.448472
84.582836
73.560433
80.653162
79.580070
98.709479
88.427277
107.807234
110.374782
115.360542
119.374979
127.159025
113.534128
119.075726
124.393382
135.643105
126.924375
114.114273
108.273341
82.451261
96.440197
76.751814
70.752312
73.102965
74.780607
91.180748
125.869068
99.620396
130.996787
110.995082
123.912707
120.532529
125.597069
96.108048
112.131991
98.365061
117.473888
95.552739
90.587711
92.799828
92.826401
96.493591
123.091891
120.650360
111.529101
117.953176
127.272293
101.139751
112.977351
92.662497
91.903138
74.051064
69.451033
74.581040
83.382405
93.590837
110.510833
123.768569
136.549921
140.379463
180.012409
209.229567
226.965250
240.809928
251.604749
242.791545
244.556444
218.647638
234.294909
204.582369
181.983015
169.590621
176.583777
159.603318
160.457599
176.133549
181.742813
183.554656
194.501140
197.466667
193.094520
199.649154
183.523602
201.766053
190.465952
213.751495
211.633070
239.683570
257.953482
248.878757
241.959285
221.049570
211.746582
183.201085
175.553960
188.587313
192.512227
202.701351
213.164040
198.645385
200.424696
193.309818
193.309555
188.689267
176.362666
169.928242
168.776970
165.983265
141.190271
144.219773
124.947159
141.733310
129.658684
123.262821
120.072542
122.838923
116.871983
94.546128
114.739780
91.816558
98.015983
87.780077
78.142730
78.871937
83.328780
87.377992
120.279567
132.233528
158.098243
232.504963
260.009157
246.114213
251.638038
262.303473
232.573361
189.905978
131.632685
145.773186
116.411000
98.351381
111.710974
101.593154
94.954762
137.539763
136.911373
115.984162
120.014815
157.214001
105.593710
94.820066
132.522762
141.196781
122.163779
126.090926
138.733049
116.391162
118.073621
140.541702
140.943171
151.088869
165.852811
122.526056
127.951251
168.612862
142.133616
106.491943
99.408682
88.430091
78.445066
88.376358
88.947930
73.930578
71.775781
71.106444
75.555062
67.890955
70.129993
72.646225
88.917305
74.167069
91.005329
94.551948
113.046922
137.669285
172.231651
173.231903
185.101090
163.587035
150.382405
122.719888
101.924520
85.688896
68.267087
75.963826
98.780924
81.331279
123.913910
117.271467
102.698595
163.509648
154.444262
123.573844
102.068564
101.059229
70.845259
75.609337
76.645183
77.095455
79.200103
84.962910
72.132774
94.620263
77.936026
120.770612
125.655443
109.219129
89.026555
103.556254
134.908585
178.773038
191.933207
213.304324
231.126136
177.496732
205.660285
194.647467
186.618602
157.644020
143.887684
105.988452
90.067103
68.212714
73.411027
74.444624
73.286306
75.322021
75.890122
75.554369
74.638529
70.670574
75.904089
90.770783
88.148502
98.726076
97.470090
145.284447
159.218232
157.645755
163.925019
223.534896
224.994945
235.722514
233.079917
221.708143
219.144996
200.463833
221.494658
221.559577
219.812281
192.462751
170.582054
179.874388
182.765647
164.096112
166.080030
169.737260
178.830871
156.871995
172.552952
165.713464
148.558783
158.149568
181.039279
170.273364
192.639557
172.655285
175.444990
211.852710
201.693908
173.011060
144.334633
137.149483
112.676822
101.042299
93.672524
76.066619
70.377972
67.602613
78.226088
106.812818
109.604345
119.244689
143.729012
129.339928
138.861271
119.978707
143.251965
141.585151
157.368294
147.375110
152.878689
158.601170
165.017930
148.266199
157.351779
126.605044
119.779582
124.488516
85.328911
81.437707
70.596038
64.850460
78.875147
75.441527
103.303893
103.606357
103.031565
110.136544
131.496119
99.534003
114.011133
92.200970
91.332921
106.674928
118.593697
117.703470
130.798542
132.622418
127.253665
122.795338
134.590893
158.393695
149.335027
191.931638
156.332911
137.298280
153.888238
157.547446
156.664104
140.473239
210.795991
177.637488
185.060032
168.213962
178.821762
224.712355
182.907715
160.813843
154.382268
183.379986
183.613567
152.919136
177.310974
178.587603
195.366926
147.595031
160.450373
156.259718
163.737607
118.494440
106.724767
84.464991
88.010394
73.304047
68.448724
75.223281
69.327161
74.883779
81.460691
94.296263
101.310340
91.190692
96.773958
87.323124
70.508659
68.703043
73.174232
84.444634
92.574879
106.444778
109.394689
111.164644
120.054975
130.578067
129.290171
142.004452
157.961876
177.433716
186.034818
197.466178
202.919942
192.043281
194.486312
190.646738
207.296587
209.340640
218.452550
202.919674
208.950164
195.104783
212.733012
212.602031
188.925577
194.000473
196.543070
195.262512
193.455244
220.270497
239.289497
247.355042
253.929280
260.192032
286.702690
284.637140
311.801553
309.258946
301.329286
270.966277
282.790548
269.519082
269.012054
256.621679
249.980910
243.003773
244.262735
245.444811
226.213008
240.618608
265.496874
262.375268
227.628033
246.343811
247.734962
247.346857
260.870932
255.236538
237.934585
244.121565
253.257258
253.924204
240.260008
283.304288
278.993694
274.921447
278.115359
285.389294
274.751297
274.337535
294.281781
277.512119
281.268937
278.769401
257.820974
255.768128
258.608046
236.224761
254.989058
239.130216
244.409418
248.497291
252.140567
246.615374
248.449399
295.843886
308.908410
303.266721
316.976773
311.074827
287.990641
281.785648
240.242754
212.974883
232.697392
186.003654
187.601853
182.210453
185.459400
216.229500
201.612477
215.102146
232.794814
217.489032
220.357118
220.215976
220.239654
242.489401
240.778249
253.496488
250.153560
255.933200
282.522312
271.390618
272.283073
245.862867
244.877110
239.474052
231.919694
221.062355
230.299343
239.930725
243.130874
273.056696
286.039882
300.627160
291.133238
301.918323
290.893966
283.911969
277.223049
272.118838
304.736869
307.358425
310.193940
318.970629
331.574504
325.447267
339.314675
359.244358
361.549564
361.297574
362.415805
371.327370
363.214150
360.540413
365.341722
358.793594
352.958572
360.897284
366.256396
355.618853
339.203712
325.780573
325.142549
305.478680
303.962685
312.531688
306.888312
304.464674
314.952356
331.696934
337.823183
344.755148
348.426461
334.886565
365.934542
363.930001
376.416535
376.869283
384.340749
388.811348
395.692313
390.519588
384.588926
388.189310
388.445221
385.676734
390.431973
410.692969
415.266131
417.957653
421.678924
417.177643
410.892781
412.552442
408.901677
401.779558
399.118921
409.242419
422.502424
433.707849
426.525629
425.455761
428.931910
439.259267
423.583339
427.917826
423.330182
421.360131
424.130583
419.744111
426.855151
423.772540
427.498463
428.310611
401.909786
404.820378
409.388016
402.278061
394.892223
382.798924
374.603425
376.947462
362.548711
342.780800
339.619168
336.244257
340.934438
324.460854
319.626029
329.472357
309.697016
315.421214
303.435983
263.258448
248.707909
266.446265
258.164499
271.981765
278.303724
270.228014
278.383430
276.982225
298.971109
301.870591
282.789846
292.573742
265.221230
260.283803
270.075987
259.878201
257.771248
254.952515
269.799768
280.087758
271.888407
233.823161
223.280122
208.566644
216.179120
235.163304
220.542318
209.340765
233.662184
215.321214
205.594025
205.072855
188.924342
184.892857
179.897943
201.649338
186.699403
188.322554
205.509161
177.897304
171.347086
158.585091
144.031747
123.513696
118.750127
120.961312
89.260750
85.502017
77.334497
86.458956
75.287892
75.059609
73.689973
79.258960
85.685715
93.892403
103.381105
100.298549
111.451725
118.552528
120.798436
130.060412
100.625245
99.709965
91.188077
81.467693
91.250417
90.124076
84.873481
93.095667
77.789024
74.265300
88.371387
82.473327
88.986430
105.184644
112.058873
148.620501
148.849279
175.468978
205.352116
232.670140
219.460142
202.624713
224.994951
248.674266
257.973547
222.808831
261.266807
250.127212
216.003087
208.244523
209.388469
156.489050
123.013588
128.856091
85.448399
70.325606
71.631347
73.898028
80.371746
94.388303
86.896341
86.193484
93.100056
89.975493
90.845477
91.864883
94.282927
78.677664
72.671687
84.568225
75.499168
82.553528
96.023483
108.867414
115.524295
147.246262
144.291170
155.406290
207.425474
177.320716
209.952826
180.870098
185.403602
164.241241
161.971973
151.998559
144.447590
151.557016
150.628836
147.678278
132.884945
147.776773
146.601392
154.164936
136.660131
94.548246
77.073016
69.706771
68.423359
72.132630
96.296400
100.238602
108.409885
120.195197
140.235894
149.114876
152.004228
166.675502
172.154509
178.485770
175.546128
170.747319
183.659681
199.534584
191.493847
182.088232
184.327728
183.340306
184.988859
191.009262
174.185634
172.441715
168.337021
195.243856
200.041950
196.342412
177.326273
171.983245
173.163407
160.773998
172.447995
166.319625
170.833701
173.356200
195.078159
184.585298
195.962359
185.360276
201.820469
184.580926
191.266638
201.209218
224.582469
219.149276
236.340160
234.519674
248.053525
215.998007
215.067191
210.668396
207.165540
209.191506
206.554162
202.719707
200.684955
197.966711
197.753193
200.273052
229.911692
223.573301
233.205028
239.382841
230.737638
243.584059
249.033446
243.487075
252.178591
278.560424
290.417075
294.221908
282.414790
275.195958
290.879659
323.603126
326.239370
335.110670
326.171195
317.985958
322.423551
338.192631
328.303155
320.403433
325.277631
297.885529
285.530811
301.451272
292.027086
283.635274
261.959904
290.203223
251.207855
237.248600
242.535751
261.267474
279.918114
297.671734
281.421010
281.929814
297.349198
296.450196
316.753096
306.164656
321.769042
328.459898
314.345565
348.552095
363.425650
401.226793
410.637894
419.782039
447.427894
452.979760
468.679880
468.064970
458.780622
462.683722
463.216400
445.145293
445.019955
435.106197
442.536614
434.787182
430.839643
429.108134
418.708682
409.154089
406.132045
393.926059
390.610978
